maxentAdriaticReprojected/reprojection.asc
ncols         121
nrows         81
xllcorner     7.95
yllcorner     37.95
cellsize      0.1
NODATA_value  -9999
[rows 28 to 55 of 81, columns 0 to 61 of 121]
1.92183E-14 2.03375E-14 2.19736E-14 2.05843E-14 1.96865E-14 1.90155E-14 2.23158E-14 7.32136E-14 7.48557E-13 3.46501E-12 1.16588E-11 1.66207E-10 1.88549E-8 3.32404E-6 4.20821E-4 1.94177E-3 3.53814E-4 1.69574E-4 3.47035E-4 1.01699E-3 1.06134E-3 1.3559E-3 1.44458E-3 1.60037E-3 2.01416E-3 2.86789E-3 -9999 -9999 -9999 -9999 -9999 -9999 -9999 -9999 -9999 -9999 -9999 -9999 -9999 -9999 -9999 -9999 -9999 -9999 -9999 -9999 -9999 -9999 -9999 -9999 -9999 -9999 -9999 -9999 -9999 -9999 -9999 -9999 6.46101E-1 5.14356E-1 4.36127E-1 3.51374E-1
1.18542E-14 1.38536E-14 1.58464E-14 1.5532E-14 1.54278E-14 1.55581E-14 1.85244E-14 3.7161E-14 1.52034E-13 8.34005E-13 6.90291E-12 5.54338E-10 1.50236E-7 2.43101E-5 1.52422E-3 3.88201E-3 6.19816E-4 2.00871E-4 1.55997E-3 2.43665E-3 1.50603E-3 1.32808E-3 1.4834E-3 1.48585E-3 1.70059E-3 2.94314E-3 -9999 -9999 -9999 -9999 -9999 -9999 -9999 -9999 -9999 -9999 -9999 -9999 -9999 -9999 -9999 -9999 -9999 -9999 -9999 -9999 -9999 -9999 -9999 -9999 -9999 -9999 -9999 -9999 -9999 -9999 -9999 -9999 -9999 5.62683E-1 4.70756E-1 3.70603E-1
7.92808E-15 9.47198E-15 1.08539E-14 1.12247E-14 1.11442E-14 1.2845E-14 1.97046E-14 4.59816E-14 2.72059E-13 4.46725E-12 1.77198E-11 6.83165E-10 1.04503E-6 1.00663E-3 1.50566E-2 5.47748E-3 8.76305E-4 3.66787E-4 2.02279E-3 2.54395E-3 2.33587E-3 1.64484E-3 1.60294E-3 1.54916E-3 1.83379E-3 3.35911E-3 -9999 -9999 -9999 -9999 -9999 -9999 -9999 -9999 -9999 -9999 -9999 -9999 -9999 -9999 -9999 -9999 -9999 -9999 -9999 -9999 -9999 -9999 -9999 -9999 -9999 -9999 -9999 -9999 -9999 -9999 -9999 -9999 -9999 6.33383E-1 5.00173E-1 3.9648E-1
5.47361E-15 6.43037E-15 7.45403E-15 8.14992E-15 8.45743E-15 1.30832E-14 3.34283E-14 1.24472E-13 3.33098E-12 2.93284E-10 2.02559E-9 9.36515E-9 5.07458E-7 2.03685E-3 -9999 7.57245E-3 3.87735E-4 1.39798E-4 2.68079E-4 1.4332E-3 3.00197E-3 2.35435E-3 2.00566E-3 1.99609E-3 2.76331E-3 3.18273E-3 2.70882E-3 2.93862E-3 -9999 -9999 -9999 -9999 -9999 -9999 -9999 -9999 -9999 -9999 -9999 -9999 -9999 -9999 -9999 -9999 -9999 -9999 -9999 -9999 -9999 -9999 -9999 -9999 -9999 -9999 -9999 -9999 -9999 -9999 -9999 -9999 5.33802E-1 4.37774E-1
3.94829E-15 4.78126E-15 5.49085E-15 6.0205E-15 8.44588E-15 5.26888E-14 8.16318E-13 1.01747E-11 3.93362E-10 3.78075E-8 3.7836E-6 7.08839E-5 6.82021E-5 2.94102E-3 -9999 1.14854E-2 2.16243E-4 5.8182E-5 4.92677E-5 3.61473E-4 2.68048E-3 7.082E-3 -9999 -9999 -9999 2.35899E-3 1.77651E-3 2.05685E-3 -9999 -9999 -9999 -9999 -9999 -9999 -9999 -9999 -9999 -9999 -9999 -9999 -9999 -9999 -9999 -9999 -9999 -9999 -9999 -9999 -9999 -9999 -9999 -9999 -9999 -9999 -9999 -9999 -9999 -9999 -9999 -9999 5.83969E-1 4.84062E-1
3.09555E-15 3.98888E-15 4.44309E-15 5.15222E-15 2.06515E-14 1.69849E-12 9.78339E-10 1.91656E-7 1.37764E-5 1.59462E-4 1.39005E-3 -9999 -9999 -9999 -9999 6.38267E-3 3.85553E-4 6.80573E-5 2.26152E-5 6.88279E-5 1.56023E-3 4.94402E-3 6.14567E-3 3.42312E-3 2.91308E-3 1.49709E-3 1.20444E-3 1.1516E-3 1.26304E-3 1.52025E-3 -9999 -9999 -9999 -9999 -9999 -9999 -9999 -9999 -9999 -9999 -9999 -9999 -9999 -9999 -9999 -9999 -9999 -9999 -9999 -9999 -9999 -9999 -9999 -9999 -9999 -9999 -9999 -9999 -9999 -9999 -9999 5.34745E-1
1.63873E-15 1.74356E-15 3.69883E-15 5.87076E-15 6.81552E-14 6.25477E-11 2.26303E-6 7.23294E-4 6.28642E-3 -9999 -9999 -9999 -9999 -9999 -9999 1.06179E-2 2.30497E-3 1.72403E-4 2.27896E-5 2.09172E-5 5.85417E-4 3.51887E-3 2.28358E-3 1.55541E-3 1.07288E-3 8.49622E-4 7.78858E-4 7.12735E-4 7.92738E-4 9.35978E-4 1.28029E-3 -9999 -9999 -9999 -9999 -9999 -9999 -9999 -9999 -9999 -9999 -9999 -9999 -9999 -9999 -9999 -9999 -9999 -9999 -9999 -9999 -9999 -9999 -9999 -9999 -9999 -9999 -9999 -9999 -9999 -9999 6.64784E-1
1.30259E-15 1.42816E-15 2.85426E-15 5.256E-15 1.96868E-13 5.79737E-9 9.99305E-5 -9999 -9999 -9999 -9999 -9999 -9999 -9999 -9999 -9999 4.22234E-3 1.70662E-4 1.36429E-5 8.20671E-6 1.70768E-4 2.24815E-3 1.76852E-3 9.13514E-4 4.94203E-4 2.98809E-4 2.49794E-4 3.10683E-4 5.07028E-4 7.38082E-4 8.57106E-4 1.45059E-3 -9999 -9999 -9999 -9999 -9999 -9999 -9999 -9999 -9999 -9999 -9999 -9999 -9999 -9999 -9999 -9999 -9999 -9999 -9999 -9999 -9999 -9999 -9999 -9999 -9999 -9999 -9999 -9999 -9999 -9999
1.27442E-15 1.74582E-15 1.85447E-15 4.35784E-15 1.52504E-12 1.49875E-6 2.8514E-3 -9999 -9999 -9999 -9999 -9999 -9999 -9999 -9999 -9999 3.39935E-3 7.92815E-5 4.44608E-6 2.92221E-6 9.75461E-5 2.32204E-3 1.46018E-3 6.60329E-4 1.31336E-4 5.63368E-5 5.93326E-5 1.81763E-4 4.72249E-4 1.01923E-3 7.94286E-4 1.89502E-3 -9999 1.52737E-3 -9999 -9999 -9999 -9999 -9999 -9999 -9999 -9999 -9999 -9999 -9999 -9999 -9999 -9999 -9999 -9999 -9999 -9999 -9999 -9999 -9999 -9999 -9999 -9999 -9999 -9999 -9999 -9999
1.08947E-15 1.44241E-15 2.16545E-15 1.55029E-14 6.78134E-12 7.45956E-7 3.54627E-3 -9999 -9999 -9999 -9999 -9999 -9999 -9999 -9999 -9999 3.62791E-3 9.1846E-5 3.78675E-6 2.04616E-6 7.45553E-5 1.45628E-3 9.82874E-4 7.03236E-4 7.65699E-5 1.70049E-5 1.60178E-5 4.60844E-5 1.34831E-4 5.69359E-4 6.23721E-4 7.78608E-4 7.36317E-4 6.13035E-4 6.37073E-4 7.4481E-4 9.26619E-4 -9999 -9999 -9999 -9999 -9999 -9999 -9999 -9999 -9999 -9999 -9999 -9999 -9999 -9999 -9999 -9999 -9999 -9999 -9999 -9999 -9999 -9999 -9999 -9999 -9999
9.63223E-16 1.22828E-15 3.86087E-15 5.36184E-14 1.18242E-11 1.23743E-6 -9999 -9999 -9999 -9999 -9999 -9999 -9999 -9999 -9999 -9999 3.5109E-3 1.27495E-4 7.25583E-6 3.66219E-6 8.31495E-5 8.76322E-4 6.14814E-4 1.33315E-4 2.99883E-5 8.64968E-6 1.19948E-6 2.54056E-7 1.08978E-6 5.92168E-5 3.34004E-4 4.66496E-4 4.20266E-4 3.50739E-4 3.53129E-4 4.09755E-4 5.02412E-4 7.42712E-4 -9999 -9999 -9999 -9999 -9999 -9999 -9999 -9999 -9999 -9999 -9999 -9999 -9999 -9999 -9999 -9999 -9999 -9999 -9999 -9999 -9999 -9999 -9999 -9999
1.18361E-15 1.83892E-15 1.01998E-14 3.66771E-13 4.86153E-11 2.58943E-7 6.07289E-4 -9999 -9999 -9999 -9999 -9999 -9999 -9999 -9999 -9999 2.58229E-3 8.73088E-5 7.91141E-6 4.07592E-6 4.2605E-5 3.37741E-4 2.96918E-4 3.06893E-5 7.01211E-6 1.60901E-6 3.03995E-8 1.12224E-8 6.69415E-7 3.86216E-5 8.39297E-5 9.95323E-5 9.77233E-5 6.90604E-5 8.57184E-5 1.63785E-4 2.74253E-4 4.08688E-4 -9999 -9999 -9999 -9999 -9999 -9999 -9999 -9999 -9999 -9999 -9999 -9999 -9999 -9999 -9999 -9999 -9999 -9999 -9999 -9999 -9999 -9999 -9999 -9999
1.59959E-15 3.68911E-15 2.46054E-14 8.54899E-13 1.21377E-10 1.88465E-7 2.73882E-4 -9999 -9999 -9999 -9999 -9999 -9999 -9999 -9999 5.27476E-3 6.34573E-4 2.36478E-5 4.15555E-6 2.17533E-6 1.00244E-5 3.57243E-5 1.60932E-5 1.65902E-6 1.9777E-6 1.77155E-7 1.82729E-8 7.00263E-9 1.6162E-8 6.98301E-7 3.58061E-6 4.13823E-6 1.04474E-5 1.18252E-5 7.26181E-6 1.61808E-5 7.93232E-5 1.91577E-4 3.63187E-4 6.39151E-4 -9999 -9999 -9999 -9999 -9999 -9999 -9999 -9999 -9999 -9999 -9999 -9999 -9999 -9999 -9999 -9999 -9999 -9999 -9999 -9999 -9999 -9999
8.51748E-16 2.12267E-15 7.86483E-14 5.84556E-12 1.47418E-9 4.40172E-6 5.32311E-4 1.31722E-3 -9999 -9999 -9999 -9999 -9999 -9999 -9999 1.49922E-3 5.78093E-5 4.57462E-6 1.20143E-6 7.91867E-7 1.65885E-6 3.09037E-6 1.01236E-6 3.16774E-7 3.18836E-7 9.99611E-9 6.41383E-8 2.53805E-9 2.39245E-9 2.43329E-8 4.95586E-8 1.33664E-7 2.10169E-7 2.61411E-7 5.75343E-7 1.57053E-6 4.1371E-6 1.90377E-5 9.57613E-5 2.15522E-4 3.44696E-4 5.01785E-4 -9999 -9999 -9999 -9999 -9999 -9999 -9999 -9999 -9999 -9999 -9999 -9999 -9999 -9999 -9999 -9999 -9999 -9999 -9999 -9999
8.80608E-16 3.83993E-15 1.62646E-13 8.81126E-12 1.07501E-9 1.15576E-7 5.45344E-6 4.69231E-4 -9999 -9999 -9999 -9999 -9999 -9999 -9999 1.47009E-4 7.06052E-6 1.60691E-6 7.35896E-7 6.68442E-7 1.20089E-6 1.50318E-6 4.3027E-7 1.28996E-7 8.26559E-8 5.61735E-9 5.16585E-8 3.34632E-10 1.14556E-9 1.93117E-9 1.56147E-8 1.8108E-7 1.13649E-7 5.99476E-8 3.80647E-7 1.86463E-6 2.75286E-7 3.59748E-7 3.16069E-6 1.8001E-5 1.1369E-4 2.9612E-4 4.97727E-4 -9999 -9999 -9999 -9999 -9999 -9999 -9999 -9999 -9999 -9999 -9999 -9999 -9999 -9999 -9999 -9999 -9999 -9999 -9999
1.95983E-15 7.12333E-15 5.18071E-14 7.2638E-13 1.56781E-11 2.19488E-9 1.5213E-6 1.89059E-4 2.64222E-3 -9999 -9999 -9999 -9999 -9999 5.1394E-3 7.18199E-5 3.77939E-6 1.11291E-6 7.28691E-7 1.27075E-6 2.17243E-6 9.18857E-7 7.85747E-8 1.18622E-7 4.87674E-7 1.69337E-8 1.50055E-8 1.75676E-9 6.18972E-9 9.0247E-10 2.79252E-8 4.38332E-7 6.32528E-8 4.07196E-8 1.9819E-7 2.20143E-6 2.76136E-7 3.51352E-8 1.95521E-7 6.54596E-7 9.21502E-6 1.07419E-4 3.14801E-4 4.81523E-4 -9999 -9999 -9999 -9999 -9999 -9999 -9999 -9999 -9999 -9999 -9999 -9999 -9999 -9999 -9999 -9999 -9999 -9999
1.77431E-15 9.44199E-15 4.77869E-14 6.11596E-13 1.27168E-11 5.41718E-10 5.23392E-8 1.31578E-5 1.86894E-3 -9999 -9999 -9999 -9999 -9999 3.50466E-3 3.14046E-4 1.29579E-5 2.45207E-6 9.41843E-7 1.82909E-6 3.56835E-6 8.90316E-7 4.63315E-8 7.65597E-8 4.75727E-7 4.83692E-9 9.66355E-9 7.62969E-8 8.51741E-8 6.90766E-9 7.12798E-9 5.67639E-8 8.1264E-8 1.94342E-7 2.34923E-7 1.87644E-7 4.8358E-8 5.12794E-9 1.6879E-8 9.2689E-8 4.99646E-7 1.51385E-5 1.40143E-4 2.81731E-4 4.24754E-4 -9999 -9999 -9999 -9999 -9999 -9999 -9999 -9999 -9999 -9999 -9999 -9999 -9999 -9999 -9999 -9999 -9999
1.96879E-15 9.09449E-15 4.01167E-14 2.8658E-13 3.10074E-11 1.49169E-9 3.77117E-8 5.27395E-6 4.50623E-4 4.35029E-3 -9999 -9999 -9999 5.509E-3 2.73704E-3 1.04949E-3 7.79882E-5 8.30375E-6 1.80328E-6 1.01976E-6 1.51586E-6 1.10029E-6 8.10661E-8 2.03999E-8 8.43718E-8 1.62102E-9 1.91498E-9 1.39261E-8 4.15594E-8 1.31237E-7 3.14278E-8 5.59336E-8 3.44304E-7 8.9262E-7 7.65361E-7 3.4889E-8 3.90958E-9 3.66928E-9 4.21016E-9 3.81554E-8 1.44045E-7 2.29791E-6 3.56529E-5 1.59276E-4 2.47247E-4 4.07422E-4 -9999 -9999 -9999 -9999 -9999 -9999 -9999 -9999 -9999 -9999 -9999 -9999 -9999 -9999 -9999 -9999
2.17837E-15 9.08085E-15 4.79408E-14 2.87313E-13 2.66337E-11 4.65181E-9 1.98846E-7 1.32749E-5 5.84474E-4 1.49253E-3 2.26225E-3 4.32933E-3 -9999 3.24963E-3 2.2141E-3 1.85253E-3 5.38672E-4 4.5273E-5 5.86515E-6 1.52404E-6 6.92382E-7 1.52665E-7 1.86041E-8 2.60111E-8 7.60239E-8 4.46618E-10 8.15822E-10 2.83488E-9 1.7703E-9 1.5897E-8 4.1513E-8 8.7486E-9 2.99835E-8 2.60474E-7 1.54115E-7 7.82575E-9 1.86695E-9 5.95603E-9 1.12779E-9 1.14524E-8 1.03408E-6 4.2931E-6 3.50635E-6 3.86803E-5 1.47517E-4 2.4714E-4 4.06154E-4 5.21874E-4 6.06287E-4 -9999 -9999 -9999 -9999 -9999 -9999 -9999 -9999 -9999 -9999 -9999 -9999 -9999
3.08263E-15 1.55857E-14 1.70651E-13 1.53929E-12 3.08757E-11 5.65389E-9 7.84771E-7 3.11209E-5 5.18794E-4 9.94249E-4 1.68463E-3 2.4174E-3 3.21989E-3 3.32694E-3 3.13263E-3 2.25823E-3 1.41375E-3 2.79863E-4 3.15107E-5 6.73768E-6 1.22068E-6 4.46423E-8 4.46157E-9 7.69032E-9 4.39917E-9 9.30119E-11 9.4272E-10 1.28511E-9 1.94399E-10 2.46315E-9 4.27836E-8 1.69208E-9 1.35948E-9 3.40579E-8 8.45001E-9 2.75605E-9 2.75771E-9 4.76695E-9 3.65751E-10 2.32731E-10 1.84049E-7 4.90019E-7 6.90973E-8 1.59337E-6 2.35136E-5 1.06471E-4 2.03022E-4 2.77183E-4 3.61102E-4 4.12973E-4 6.53234E-4 -9999 -9999 -9999 -9999 -9999 -9999 -9999 -9999 -9999 -9999 -9999
6.57631E-14 1.45383E-11 4.46113E-9 1.64926E-7 9.53509E-7 1.61808E-6 2.05264E-6 2.26158E-5 3.98305E-4 1.11812E-3 2.01304E-3 3.22069E-3 -9999 -9999 -9999 3.77061E-3 2.12264E-3 1.26189E-3 4.40943E-4 4.12769E-5 3.20658E-6 8.97834E-8 2.81269E-9 2.07153E-9 3.87869E-9 3.88009E-10 1.1576E-10 4.3236E-11 1.04314E-10 9.565E-9 3.30434E-8 3.59461E-9 6.35884E-10 4.29036E-9 7.04608E-10 3.1719E-10 6.39644E-10 5.30421E-10 5.77311E-11 1.40173E-11 6.40397E-10 8.726E-10 1.64457E-9 2.10372E-8 1.59759E-7 9.51353E-6 4.0002E-5 6.19055E-5 1.53794E-4 2.4321E-4 3.58507E-4 5.57395E-4 4.68499E-4 4.05775E-4 4.75198E-4 8.99481E-4 9.99753E-4 8.78051E-4 -9999 -9999 -9999 -9999
2.15552E-12 1.76292E-8 4.77248E-5 7.68265E-4 7.16068E-4 2.64771E-4 7.46344E-5 1.25606E-4 5.09049E-4 1.89267E-3 -9999 -9999 -9999 -9999 -9999 -9999 3.18789E-3 1.91666E-3 1.02311E-3 9.45608E-5 3.95459E-6 8.39824E-8 1.91532E-9 5.13383E-10 3.7176E-10 8.51114E-11 3.98346E-11 9.74789E-11 3.94574E-9 1.4122E-7 1.79475E-8 7.9369E-10 1.56792E-10 1.78275E-10 4.25617E-11 7.53612E-12 1.14892E-11 6.21797E-11 1.36305E-11 9.9484E-12 3.35836E-11 2.17716E-11 1.43118E-11 1.31706E-10 3.51125E-10 8.02479E-8 4.63564E-6 1.06321E-5 1.53152E-5 4.75942E-5 1.87035E-4 2.76045E-4 2.73796E-4 2.44043E-4 2.18104E-4 2.39853E-4 3.05666E-4 4.61337E-4 7.95925E-4 -9999 -9999 -9999
8.34585E-11 2.14379E-6 6.46766E-4 1.41797E-3 1.17056E-3 1.05373E-3 7.86298E-4 9.56813E-4 1.41695E-3 -9999 -9999 -9999 -9999 -9999 -9999 -9999 4.49573E-3 2.4344E-3 1.41019E-3 1.6697E-4 4.39372E-6 3.15492E-8 1.20009E-9 3.78655E-10 1.3442E-9 3.62369E-11 5.04923E-13 5.0629E-11 6.1457E-9 1.7762E-10 1.89155E-11 1.71571E-10 1.16459E-10 2.9635E-12 3.90149E-13 3.74316E-13 1.39548E-12 1.67632E-11 4.0704E-12 2.53332E-12 6.39383E-12 8.98324E-12 2.07934E-12 4.9963E-12 1.36973E-11 1.11173E-9 2.32007E-7 9.26071E-6 3.07489E-5 4.49524E-5 1.93732E-4 1.74905E-4 5.66353E-5 3.13678E-5 2.98369E-5 3.56371E-5 4.41E-5 1.66644E-4 5.12533E-4 9.39479E-4 -9999 -9999
3.17937E-9 4.13879E-5 1.17563E-3 1.491E-3 1.41571E-3 1.49536E-3 2.11052E-3 -9999 -9999 -9999 -9999 -9999 -9999 -9999 -9999 -9999 -9999 3.93695E-3 2.00397E-3 4.20505E-4 4.5585E-6 1.63886E-8 2.38847E-9 3.05939E-9 2.18908E-8 2.41874E-11 1.82647E-13 4.28999E-12 2.69447E-10 1.06834E-11 4.65191E-12 6.48468E-12 4.09875E-13 3.66886E-14 4.04992E-14 6.37867E-14 2.02311E-13 7.73359E-12 3.85249E-12 1.289E-12 4.02954E-12 2.16417E-12 9.29974E-13 5.66676E-13 5.66481E-13 1.79913E-12 1.34107E-10 1.54548E-7 1.61257E-5 1.11948E-4 1.41434E-4 2.61554E-5 2.49568E-6 2.36448E-6 5.41483E-6 3.40775E-6 1.61632E-6 7.10476E-6 6.29186E-5 4.66681E-4 1.10352E-3 -9999
1.83611E-6 4.29144E-4 -9999 -9999 -9999 -9999 -9999 -9999 -9999 -9999 -9999 -9999 -9999 -9999 -9999 -9999 -9999 5.24734E-3 1.58575E-3 2.27563E-4 2.41416E-6 2.5042E-8 1.13908E-7 2.35886E-7 1.02311E-9 2.96024E-12 1.09827E-12 4.15722E-13 3.32584E-12 3.00038E-12 7.30977E-12 1.3966E-13 3.9079E-15 5.65049E-15 3.2931E-14 1.93551E-14 7.28121E-14 2.45894E-11 2.65832E-12 2.51155E-13 7.99275E-13 9.2009E-14 7.85958E-14 6.49277E-14 1.78158E-14 2.01243E-15 2.59337E-14 6.97673E-13 1.16935E-11 2.08359E-9 1.70416E-7 2.10068E-6 6.2317E-7 1.59989E-6 5.03277E-5 1.61935E-5 7.64979E-7 1.097E-6 1.6138E-5 4.10955E-4 9.02701E-4 1.13732E-3
8.45251E-5 8.04868E-4 -9999 -9999 -9999 -9999 -9999 -9999 -9999 -9999 -9999 -9999 -9999 -9999 -9999 -9999 -9999 -9999 1.28364E-3 1.1462E-4 1.88391E-6 1.37436E-8 1.97617E-6 8.97367E-7 6.86669E-11 4.52036E-11 1.06033E-11 8.03313E-14 6.90402E-14 5.823E-13 2.539E-13 3.57595E-15 3.8698E-16 8.10242E-16 4.04802E-15 2.57331E-14 5.51281E-13 5.19023E-12 3.69642E-13 2.78356E-14 1.34161E-14 2.75525E-16 3.09359E-16 2.21971E-15 6.05809E-16 5.86708E-17 2.91035E-17 2.05053E-17 1.04908E-17 1.0111E-14 2.31953E-12 3.60238E-11 1.05279E-9 4.89773E-8 1.4231E-6 2.00889E-6 2.63037E-7 4.80844E-7 8.31136E-6 1.2834E-4 1.3561E-4 1.10093E-4
2.97057E-4 7.62552E-4 -9999 -9999 -9999 -9999 -9999 -9999 -9999 -9999 -9999 -9999 -9999 -9999 -9999 -9999 -9999 -9999 2.90327E-3 8.12849E-4 1.39983E-5 4.29712E-9 1.22555E-7 6.58029E-8 3.1107E-10 1.47212E-9 3.72503E-11 7.63714E-14 8.30485E-15 1.4953E-14 1.79462E-15 2.35603E-16 1.56608E-16 3.28947E-16 6.36481E-16 1.03402E-14 3.02205E-14 2.22588E-14 1.47778E-14 5.54012E-15 3.87879E-16 7.98345E-18 6.3702E-18 4.94239E-17 2.49032E-17 1.29306E-17 3.91079E-18 9.46149E-19 3.27711E-19 3.71988E-16 3.96348E-15 1.91742E-15 2.04433E-12 1.17246E-10 4.72608E-10 7.79962E-9 3.68885E-8 4.41816E-8 1.20408E-7 5.967E-7 9.65826E-6 1.16054E-5
3.74277E-4 6.44745E-4 8.57408E-4 1.49064E-3 -9999 -9999 -9999 -9999 -9999 -9999 -9999 -9999 -9999 -9999 -9999 -9999 -9999 -9999 -9999 1.51891E-3 7.80588E-6 1.29508E-9 6.16201E-9 8.76251E-8 1.80041E-10 3.15007E-11 1.96418E-11 9.93093E-13 8.63749E-15 1.03294E-15 5.82258E-16 2.0467E-16 1.9489E-16 2.88849E-16 4.18659E-16 1.77402E-15 1.21694E-14 9.96641E-14 1.06702E-14 1.18576E-15 9.15912E-17 6.26887E-18 3.35575E-18 1.2237E-17 4.75532E-18 1.07942E-17 1.85433E-18 2.13061E-19 3.16981E-19 1.27057E-17 4.68778E-17 1.93928E-16 9.06712E-14 1.31712E-12 1.64175E-12 2.7914E-11 1.68583E-9 1.24309E-8 3.31305E-8 2.4465E-7 7.5683E-7 2.06107E-7
