maxentoutput/gp.asc
ncols         721
nrows         361
xllcorner     -180.0
yllcorner     -90.0
cellsize      0.5
NODATA_value  -9999
[rows 250 to 274 of 361, columns 399 to 455 of 721]
6.58238E-4 5.86276E-4 6.59394E-4 7.91742E-4 1.05421E-3 1.03247E-3 8.46769E-4 8.23656E-4 9.44491E-4 8.89689E-4 1.06659E-3 7.07591E-4 1.33002E-3 1.74678E-3 1.63921E-3 1.36587E-3 1.35664E-3 1.30247E-3 7.49994E-4 7.52097E-4 6.61771E-4 6.535E-4 4.54504E-4 4.54801E-4 6.56666E-4 6.59908E-4 1.0687E-3 1.09742E-3 1.68426E-3 1.62527E-3 2.79182E-3 2.75738E-3 7.31005E-4 6.9704E-4 3.32799E-4 3.23429E-4 1.48212E-4 1.44775E-4 7.73292E-5 7.59532E-5 8.41903E-5 8.35839E-5 1.25808E-4 1.27074E-4 2.15742E-4 2.17999E-4 3.89789E-4 3.94126E-4 6.28686E-4 6.34647E-4 1.94291E-3 1.90542E-3 8.47752E-4 8.44641E-4 7.93009E-4 7.94203E-4 4.48085E-4
1.17792E-3 1.24387E-3 1.44747E-3 1.25791E-3 1.67979E-3 1.6383E-3 1.32003E-3 1.25514E-3 1.4289E-3 1.35669E-3 1.56914E-3 1.01405E-3 1.89186E-3 1.63842E-3 1.28878E-3 1.12129E-3 1.18066E-3 1.16195E-3 6.60779E-4 6.6761E-4 6.02917E-4 6.04317E-4 4.21242E-4 4.23663E-4 6.07732E-4 6.06404E-4 9.74539E-4 9.80295E-4 1.55094E-3 1.51827E-3 2.61108E-3 2.5969E-3 6.88721E-4 6.4948E-4 3.20203E-4 3.13335E-4 1.40623E-4 1.37895E-4 7.43521E-5 7.39756E-5 8.15132E-5 8.12836E-5 1.25512E-4 1.25749E-4 2.19753E-4 2.18643E-4 3.89584E-4 3.89113E-4 6.30897E-4 6.30408E-4 1.87902E-3 1.87016E-3 8.11039E-4 8.07691E-4 7.44302E-4 7.4079E-4 4.15518E-4
2.48908E-4 2.69147E-4 3.25408E-4 3.33974E-4 4.36555E-4 4.45941E-4 4.12941E-4 4.1394E-4 5.33396E-4 5.27746E-4 5.65129E-4 5.47517E-4 8.10302E-4 7.13854E-4 5.82487E-4 5.58528E-4 8.75874E-4 8.51557E-4 5.84806E-4 5.92568E-4 4.18914E-4 4.26197E-4 5.52354E-4 5.47906E-4 5.12853E-4 5.058E-4 5.26119E-4 5.33613E-4 8.07348E-4 7.90314E-4 8.04769E-4 7.99993E-4 4.97137E-4 4.80252E-4 5.3278E-4 5.29932E-4 1.76872E-4 1.74817E-4 1.55123E-4 1.55671E-4 1.33651E-4 1.34175E-4 1.6801E-4 1.68977E-4 5.85304E-4 5.82534E-4 9.12593E-4 9.25433E-4 2.05102E-3 2.06219E-3 1.05242E-3 1.04572E-3 8.52355E-4 8.50227E-4 3.46399E-4 3.37875E-4 2.26193E-4
1.74621E-4 1.83702E-4 2.3181E-4 2.3935E-4 3.11003E-4 3.01992E-4 2.86758E-4 2.84485E-4 3.61319E-4 3.59464E-4 3.97194E-4 3.99968E-4 5.97241E-4 5.85757E-4 5.14009E-4 5.00893E-4 8.16248E-4 8.18761E-4 5.58814E-4 5.58641E-4 3.92573E-4 3.95515E-4 5.09361E-4 5.00626E-4 4.65732E-4 4.5861E-4 4.74258E-4 4.81631E-4 7.32652E-4 7.2319E-4 7.46892E-4 7.46096E-4 4.60617E-4 4.51985E-4 4.97227E-4 5.01157E-4 1.67045E-4 1.6584E-4 1.44394E-4 1.44695E-4 1.25029E-4 1.26843E-4 1.58997E-4 1.57347E-4 5.49554E-4 5.45559E-4 8.71657E-4 8.86071E-4 1.93692E-3 1.96101E-3 1.015E-3 1.01374E-3 8.17878E-4 8.2785E-4 3.26145E-4 3.18108E-4 2.15454E-4
8.37656E-4 9.05451E-4 1.03353E-3 9.94386E-4 6.41983E-4 6.6879E-4 9.87312E-4 9.95651E-4 5.53565E-4 5.49561E-4 4.73611E-4 4.87539E-4 5.32148E-4 5.29162E-4 9.44428E-4 9.48079E-4 1.19743E-3 1.20733E-3 7.87797E-4 7.94518E-4 6.0209E-4 5.91031E-4 1.01314E-3 9.92628E-4 7.6193E-4 7.55248E-4 6.78753E-4 6.83757E-4 1.16941E-3 1.15929E-3 1.29487E-3 1.31229E-3 1.49151E-3 1.48489E-3 7.88956E-4 8.00731E-4 8.05481E-4 8.13227E-4 5.41199E-4 5.46317E-4 5.53733E-4 5.66897E-4 8.65227E-4 8.66364E-4 1.64762E-3 1.62832E-3 1.08074E-3 1.07726E-3 9.81005E-4 9.83428E-4 1.25389E-3 1.24364E-3 1.38361E-3 1.34593E-3 8.05516E-4 8.12301E-4 3.98089E-4
7.58468E-4 7.66258E-4 8.5438E-4 8.85137E-4 5.61637E-4 5.65222E-4 8.54646E-4 8.76821E-4 4.98515E-4 5.01432E-4 4.20908E-4 4.32514E-4 4.71253E-4 4.73925E-4 8.49423E-4 8.64954E-4 1.09913E-3 1.09571E-3 7.27145E-4 7.22561E-4 5.49879E-4 5.37381E-4 9.25268E-4 9.14532E-4 7.10134E-4 7.01517E-4 6.37678E-4 6.38016E-4 1.09034E-3 1.07408E-3 1.19911E-3 1.18367E-3 1.40097E-3 1.38199E-3 7.4565E-4 7.50038E-4 7.56987E-4 7.64705E-4 5.05499E-4 5.07433E-4 5.15956E-4 5.26168E-4 8.04428E-4 8.05151E-4 1.47752E-3 1.47873E-3 9.83065E-4 9.82E-4 9.07587E-4 9.0208E-4 1.14472E-3 1.1209E-3 1.26803E-3 1.24374E-3 7.48631E-4 7.6729E-4 3.66817E-4
1.12393E-3 1.12299E-3 1.02601E-3 1.05516E-3 8.72589E-4 8.85402E-4 2.92234E-4 2.98725E-4 2.23435E-4 2.22719E-4 2.38477E-4 2.39895E-4 2.78452E-4 2.82094E-4 2.67588E-4 2.70735E-4 3.42588E-4 3.4638E-4 3.32115E-4 3.302E-4 4.47477E-4 4.35421E-4 3.23409E-4 3.20393E-4 3.82775E-4 3.81675E-4 3.60679E-4 3.63322E-4 3.83371E-4 3.76742E-4 5.23147E-4 5.11572E-4 4.37737E-4 4.36022E-4 5.276E-4 5.39601E-4 3.66661E-4 3.70033E-4 3.6471E-4 3.62514E-4 4.2285E-4 4.2671E-4 5.06342E-4 5.0272E-4 9.99828E-4 9.95345E-4 1.06003E-3 1.07776E-3 1.46149E-3 1.46929E-3 1.47502E-3 1.45282E-3 1.02539E-3 1.05748E-3 1.3672E-3 1.36737E-3 9.47302E-4
1.04688E-3 1.04192E-3 9.3617E-4 9.51668E-4 8.03439E-4 8.08863E-4 2.6549E-4 2.69345E-4 2.01941E-4 2.00684E-4 2.14048E-4 2.14067E-4 2.50795E-4 2.5319E-4 2.40739E-4 2.43216E-4 3.03431E-4 3.06312E-4 2.9164E-4 2.94552E-4 3.95012E-4 3.86078E-4 2.8838E-4 2.86749E-4 3.48604E-4 3.4904E-4 3.30353E-4 3.32501E-4 3.50956E-4 3.42631E-4 4.68613E-4 4.6911E-4 3.98527E-4 4.02373E-4 4.84907E-4 4.94039E-4 3.3792E-4 3.38638E-4 3.33214E-4 3.30226E-4 3.85137E-4 3.89332E-4 4.60851E-4 4.56191E-4 9.16868E-4 9.08045E-4 9.76814E-4 9.86237E-4 1.32492E-3 1.30107E-3 1.29544E-3 1.28413E-3 9.32386E-4 9.49228E-4 1.20804E-3 1.21791E-3 8.19481E-4
7.79644E-4 8.06926E-4 7.90559E-4 8.00215E-4 9.71979E-4 9.77374E-4 6.91065E-4 7.01874E-4 5.28433E-4 5.22535E-4 4.12288E-4 4.15131E-4 4.88472E-4 5.02729E-4 3.80435E-4 3.83578E-4 6.54394E-4 6.48171E-4 6.86316E-4 6.81891E-4 9.63241E-4 9.4635E-4 7.81794E-4 7.68233E-4 6.87515E-4 7.03736E-4 4.81987E-4 4.84023E-4 4.95807E-4 4.87749E-4 6.63799E-4 6.66977E-4 1.20507E-3 1.19272E-3 1.18485E-3 1.16412E-3 9.87269E-4 9.56289E-4 1.15626E-3 1.13842E-3 1.04447E-3 1.03412E-3 9.04133E-4 9.07553E-4 9.70277E-4 9.7083E-4 9.27767E-4 9.32612E-4 1.00193E-3 9.70688E-4 6.71552E-4 6.77592E-4 7.08219E-4 7.02781E-4 5.76165E-4 5.74223E-4 8.38579E-4
7.0167E-4 7.19888E-4 7.05823E-4 7.12122E-4 8.59331E-4 8.62533E-4 6.05464E-4 6.09661E-4 4.59793E-4 4.53208E-4 3.52773E-4 3.52839E-4 4.08359E-4 4.16102E-4 3.24699E-4 3.30076E-4 5.59953E-4 5.50851E-4 5.9915E-4 5.90717E-4 8.27691E-4 8.23083E-4 6.78279E-4 6.79493E-4 6.13318E-4 6.25005E-4 4.2856E-4 4.27631E-4 4.38011E-4 4.28315E-4 6.023E-4 6.03837E-4 1.02789E-3 1.01674E-3 1.0229E-3 1.00674E-3 8.43717E-4 8.29184E-4 1.00943E-3 9.88321E-4 8.94574E-4 8.94279E-4 7.78792E-4 7.84657E-4 8.34017E-4 8.44186E-4 8.04997E-4 8.1062E-4 8.44761E-4 8.23952E-4 5.81465E-4 5.72924E-4 6.20628E-4 6.1311E-4 4.96682E-4 4.78721E-4 7.07031E-4
8.3864E-4 8.54932E-4 7.44126E-4 7.4709E-4 7.38076E-4 7.47257E-4 8.01508E-4 8.12071E-4 4.99192E-4 4.95401E-4 6.25259E-4 6.16817E-4 7.53417E-4 7.63385E-4 8.76902E-4 9.16743E-4 1.00465E-3 9.99768E-4 8.63176E-4 8.45577E-4 8.23944E-4 8.20211E-4 8.30665E-4 8.15359E-4 7.59661E-4 7.75301E-4 6.78069E-4 6.82924E-4 5.84482E-4 5.61639E-4 6.76738E-4 6.74923E-4 6.93113E-4 6.8605E-4 6.48398E-4 6.40847E-4 5.12482E-4 5.08495E-4 5.53732E-4 5.53616E-4 5.5051E-4 5.4675E-4 6.69457E-4 6.64375E-4 5.86145E-4 5.90104E-4 7.13869E-4 7.17343E-4 7.39757E-4 7.19186E-4 5.35346E-4 5.37174E-4 5.99505E-4 6.11971E-4 4.13572E-4 3.94497E-4 5.36832E-4
7.27857E-4 7.40024E-4 6.38063E-4 6.38216E-4 6.34626E-4 6.43533E-4 6.84014E-4 6.91431E-4 4.33426E-4 4.30866E-4 5.44343E-4 5.37412E-4 6.60748E-4 6.61648E-4 7.43135E-4 7.73949E-4 8.5888E-4 8.57877E-4 7.42895E-4 7.27951E-4 7.09562E-4 7.05368E-4 7.13501E-4 7.01027E-4 6.18883E-4 6.29402E-4 5.49455E-4 5.64286E-4 4.73037E-4 4.72525E-4 5.65353E-4 5.64689E-4 5.85457E-4 5.84874E-4 5.50197E-4 5.43317E-4 4.32564E-4 4.34322E-4 4.69581E-4 4.69685E-4 4.72962E-4 4.65482E-4 5.66819E-4 5.66352E-4 4.92716E-4 4.9545E-4 5.95369E-4 5.86812E-4 6.2134E-4 6.09972E-4 4.49315E-4 4.4266E-4 5.06086E-4 4.87129E-4 3.33689E-4 3.24027E-4 4.41507E-4
6.50521E-4 6.57636E-4 5.14719E-4 5.14425E-4 6.52213E-4 6.48672E-4 7.31318E-4 7.34915E-4 6.9396E-4 6.99665E-4 6.87186E-4 6.88643E-4 5.43439E-4 5.36845E-4 4.32871E-4 4.26222E-4 4.31777E-4 4.26384E-4 4.0935E-4 4.03951E-4 4.67616E-4 4.65538E-4 5.24908E-4 5.18998E-4 6.68616E-4 6.74309E-4 5.51214E-4 5.54863E-4 4.78382E-4 4.66649E-4 5.13389E-4 5.20209E-4 4.36517E-4 4.33299E-4 4.23553E-4 4.19872E-4 2.34767E-4 2.33264E-4 2.7886E-4 2.77959E-4 1.79047E-4 1.76794E-4 2.30428E-4 2.28976E-4 2.13836E-4 2.15286E-4 2.47644E-4 2.32723E-4 3.49892E-4 3.36603E-4 2.45922E-4 2.42609E-4 3.82606E-4 3.61678E-4 2.31766E-4 2.25993E-4 4.87896E-4
5.43943E-4 5.50148E-4 4.34937E-4 4.32222E-4 5.47636E-4 5.45288E-4 6.01985E-4 6.07326E-4 5.74565E-4 5.85942E-4 5.73434E-4 5.75515E-4 4.46375E-4 4.43842E-4 3.63384E-4 3.5418E-4 3.59657E-4 3.5684E-4 3.47082E-4 3.38627E-4 3.90506E-4 3.91053E-4 4.39107E-4 4.34729E-4 5.56291E-4 5.54038E-4 4.44718E-4 4.37136E-4 3.83209E-4 3.79496E-4 4.15163E-4 4.24057E-4 3.58978E-4 3.55302E-4 3.47349E-4 3.39233E-4 1.91554E-4 1.91201E-4 2.27962E-4 2.27888E-4 1.46456E-4 1.45084E-4 1.89493E-4 1.89764E-4 1.77305E-4 1.74659E-4 2.00147E-4 1.98921E-4 2.75975E-4 2.7861E-4 2.01597E-4 2.00364E-4 3.07555E-4 2.93265E-4 1.84218E-4 1.80941E-4 3.91762E-4
4.507E-4 4.60886E-4 3.59295E-4 3.65046E-4 4.14826E-4 4.16261E-4 4.30893E-4 4.44797E-4 4.31969E-4 4.43235E-4 4.93068E-4 4.8629E-4 5.00339E-4 4.94783E-4 4.82427E-4 4.77662E-4 4.75566E-4 4.76601E-4 4.96252E-4 4.91157E-4 3.60922E-4 3.54521E-4 4.0965E-4 4.10439E-4 3.20773E-4 3.19773E-4 2.31202E-4 2.31818E-4 2.61794E-4 2.57233E-4 2.09978E-4 2.12099E-4 3.67223E-4 3.64251E-4 3.48038E-4 3.39886E-4 2.1401E-4 2.12549E-4 2.1473E-4 2.13578E-4 1.78272E-4 1.73364E-4 9.80608E-5 9.7299E-5 1.21429E-4 1.20354E-4 1.69325E-4 1.69074E-4 2.24299E-4 2.19077E-4 1.91152E-4 1.91221E-4 2.33596E-4 2.26363E-4 1.96838E-4 1.91594E-4 3.35443E-4
3.67035E-4 3.73065E-4 2.92735E-4 2.96595E-4 3.37035E-4 3.39045E-4 3.51122E-4 3.60599E-4 3.49647E-4 3.51122E-4 4.06033E-4 3.96877E-4 4.12342E-4 4.11479E-4 4.01555E-4 3.99787E-4 3.94493E-4 3.96124E-4 4.09996E-4 4.07342E-4 2.97849E-4 2.91987E-4 3.38741E-4 3.36351E-4 2.60782E-4 2.59375E-4 1.87558E-4 1.87099E-4 2.09415E-4 2.04678E-4 1.66444E-4 1.69608E-4 3.11121E-4 3.03647E-4 2.91649E-4 2.88711E-4 1.79944E-4 1.79573E-4 1.80997E-4 1.79571E-4 1.49246E-4 1.48076E-4 8.27668E-5 8.38028E-5 1.00777E-4 9.67237E-5 1.36856E-4 1.33942E-4 1.83922E-4 1.83164E-4 1.59302E-4 1.59399E-4 1.92214E-4 1.84817E-4 1.60293E-4 1.5565E-4 2.72335E-4
3.31858E-4 3.34333E-4 3.15512E-4 3.14767E-4 3.06676E-4 3.08254E-4 3.05699E-4 3.03869E-4 2.94598E-4 2.9236E-4 2.58623E-4 2.56706E-4 3.06303E-4 3.05167E-4 3.27167E-4 3.26599E-4 2.15029E-4 2.1235E-4 1.85111E-4 1.8574E-4 9.9593E-5 9.74351E-5 1.48457E-4 1.46311E-4 1.01129E-4 1.00908E-4 6.70279E-5 6.59871E-5 7.30142E-5 7.2565E-5 5.96644E-5 6.08893E-5 1.5603E-4 1.56482E-4 1.63678E-4 1.67801E-4 2.52762E-4 2.51814E-4 2.67469E-4 2.63631E-4 2.12503E-4 2.16568E-4 1.69412E-4 1.71749E-4 1.70481E-4 1.63572E-4 1.91474E-4 1.91875E-4 2.54654E-4 2.50181E-4 2.27434E-4 2.25387E-4 2.4837E-4 2.39466E-4 1.95225E-4 1.89898E-4 1.65933E-4
2.78593E-4 2.79635E-4 2.63187E-4 2.62761E-4 2.58361E-4 2.56781E-4 2.54706E-4 2.51585E-4 2.42729E-4 2.4264E-4 2.15533E-4 2.13842E-4 2.54546E-4 2.54422E-4 2.71689E-4 2.71288E-4 1.86699E-4 1.81683E-4 1.59314E-4 1.58017E-4 8.49917E-5 8.32467E-5 1.26591E-4 1.26771E-4 8.63136E-5 8.5693E-5 5.75411E-5 5.62517E-5 6.32036E-5 6.13069E-5 5.12939E-5 5.18472E-5 1.32241E-4 1.34197E-4 1.43188E-4 1.46237E-4 2.16842E-4 2.16466E-4 2.26699E-4 2.24972E-4 1.79561E-4 1.83176E-4 1.42799E-4 1.45613E-4 1.43232E-4 1.44607E-4 1.68736E-4 1.63491E-4 2.16655E-4 2.13209E-4 1.92863E-4 1.91233E-4 2.11977E-4 2.05875E-4 1.66958E-4 1.63604E-4 1.37239E-4
1.73585E-4 1.76875E-4 1.83363E-4 1.83435E-4 1.83171E-4 1.82223E-4 1.93275E-4 1.91302E-4 2.08358E-4 2.07485E-4 1.96946E-4 1.96507E-4 2.35305E-4 2.3419E-4 2.03228E-4 2.02371E-4 1.77978E-4 1.74402E-4 1.21581E-4 1.20698E-4 5.56383E-5 5.4826E-5 4.25011E-5 4.22026E-5 2.52806E-5 2.53769E-5 3.34028E-5 3.34776E-5 3.50512E-5 3.3965E-5 2.93999E-5 2.92151E-5 5.36117E-5 5.28518E-5 5.82559E-5 5.83307E-5 1.29916E-4 1.3193E-4 1.34434E-4 1.38034E-4 1.84149E-4 1.83228E-4 2.00627E-4 2.017E-4 2.09585E-4 2.10846E-4 1.75506E-4 1.72155E-4 1.94923E-4 1.92854E-4 1.45969E-4 1.46231E-4 1.63378E-4 1.57885E-4 1.17154E-4 1.13902E-4 1.36293E-4
1.46968E-4 1.49299E-4 1.54371E-4 1.54155E-4 1.52999E-4 1.51942E-4 1.62308E-4 1.61157E-4 1.74147E-4 1.72581E-4 1.6395E-4 1.63069E-4 1.96132E-4 1.94264E-4 1.67523E-4 1.68401E-4 1.60399E-4 1.57301E-4 1.08576E-4 1.07046E-4 4.95046E-5 4.88213E-5 3.7349E-5 3.77954E-5 2.26367E-5 2.27349E-5 2.9661E-5 2.91839E-5 3.05361E-5 3.01776E-5 2.60133E-5 2.62467E-5 4.75924E-5 5.01749E-5 5.76577E-5 5.50566E-5 1.29023E-4 1.20506E-4 1.22281E-4 1.19506E-4 1.61773E-4 1.59548E-4 1.73005E-4 1.7335E-4 1.81042E-4 1.8291E-4 1.55225E-4 1.51971E-4 1.72164E-4 1.71796E-4 1.28109E-4 1.25582E-4 1.4098E-4 1.36713E-4 1.02796E-4 1.00441E-4 1.18398E-4
8.31651E-5 8.38564E-5 7.71184E-5 7.66926E-5 7.42604E-5 7.42125E-5 9.16724E-5 9.0257E-5 1.1251E-4 1.11665E-4 1.0801E-4 1.06734E-4 1.40542E-4 1.40242E-4 1.39717E-4 1.39929E-4 1.58222E-4 1.60224E-4 1.18924E-4 1.18112E-4 5.1622E-5 5.0641E-5 3.04294E-5 3.05791E-5 1.72079E-5 1.70993E-5 1.96848E-5 1.87171E-5 1.78095E-5 1.79422E-5 1.5765E-5 1.67716E-5 2.01571E-5 2.27179E-5 2.84978E-5 2.84957E-5 4.17148E-5 3.87782E-5 3.71341E-5 3.51318E-5 5.18162E-5 5.20963E-5 3.71335E-5 3.72326E-5 3.35889E-5 3.42976E-5 3.88893E-5 3.91223E-5 3.41322E-5 3.43998E-5 5.98578E-5 5.9853E-5 5.69945E-5 5.79105E-5 1.06337E-4 1.06343E-4 4.26055E-5
7.01806E-5 7.12851E-5 6.53058E-5 6.42412E-5 6.28261E-5 6.28962E-5 7.75372E-5 7.66339E-5 9.58693E-5 9.4669E-5 9.0451E-5 8.97819E-5 1.18982E-4 1.17945E-4 1.17855E-4 1.17912E-4 1.33301E-4 1.34906E-4 1.08054E-4 1.08844E-4 4.70967E-5 4.61124E-5 2.78622E-5 2.82176E-5 1.52019E-5 1.54713E-5 1.76634E-5 1.6955E-5 1.59854E-5 1.59456E-5 1.45308E-5 1.51909E-5 2.0942E-5 2.33402E-5 3.19182E-5 3.46293E-5 5.31628E-5 4.55489E-5 3.77766E-5 3.36413E-5 4.69446E-5 4.64269E-5 3.32681E-5 3.38341E-5 3.05313E-5 3.02753E-5 3.46216E-5 3.45699E-5 3.03801E-5 3.02822E-5 5.274E-5 5.30218E-5 5.10675E-5 5.16944E-5 9.4244E-5 9.46173E-5 3.82598E-5
7.16377E-5 7.21417E-5 6.14654E-5 6.06905E-5 6.33536E-5 6.2911E-5 6.87813E-5 6.79226E-5 9.93747E-5 9.83932E-5 8.69717E-5 8.63985E-5 1.17218E-4 1.1693E-4 1.02934E-4 1.03159E-4 1.25438E-4 1.24942E-4 1.16221E-4 1.16843E-4 5.70205E-5 5.67428E-5 6.28316E-5 6.38276E-5 2.28595E-5 2.25191E-5 2.69247E-5 2.52736E-5 1.96192E-5 1.83657E-5 2.14621E-5 2.30199E-5 3.07861E-5 3.84447E-5 3.47877E-5 4.08505E-5 7.07119E-5 5.48435E-5 4.18783E-5 3.4206E-5 3.35712E-5 3.30662E-5 3.53511E-5 3.59194E-5 3.3291E-5 3.48005E-5 2.76087E-5 2.84278E-5 3.11714E-5 3.09185E-5 3.69526E-5 3.70608E-5 3.52446E-5 3.56642E-5 2.9847E-5 2.9813E-5 1.67891E-5
6.09792E-5 6.13485E-5 5.22519E-5 5.16005E-5 5.42734E-5 5.37389E-5 5.82464E-5 5.80897E-5 8.50252E-5 8.4975E-5 7.50017E-5 7.35417E-5 1.01858E-4 1.00649E-4 8.86732E-5 8.82043E-5 1.09105E-4 1.10623E-4 9.85562E-5 1.00156E-4 5.25398E-5 5.25814E-5 5.82778E-5 6.02763E-5 2.13816E-5 2.13756E-5 2.3695E-5 2.37751E-5 1.85991E-5 1.69285E-5 1.92166E-5 2.1543E-5 2.79448E-5 3.61841E-5 3.43551E-5 3.92064E-5 6.58674E-5 5.37498E-5 4.13297E-5 3.15821E-5 3.07545E-5 3.01895E-5 3.21286E-5 3.1727E-5 3.00822E-5 3.03736E-5 2.39929E-5 2.48153E-5 2.77783E-5 2.77234E-5 3.31829E-5 3.30018E-5 3.13558E-5 3.16603E-5 2.65544E-5 2.6301E-5 1.50518E-5
6.3499E-5 6.33912E-5 5.70148E-5 5.71152E-5 5.22231E-5 5.21156E-5 5.87589E-5 5.81458E-5 7.51258E-5 7.5299E-5 8.39182E-5 8.18778E-5 8.87585E-5 8.85188E-5 8.53843E-5 8.44935E-5 7.84478E-5 7.8484E-5 7.15076E-5 7.21946E-5 8.16464E-5 8.20329E-5 8.97652E-5 8.85054E-5 8.834E-5 8.98503E-5 5.66309E-5 5.68406E-5 3.83137E-5 3.89455E-5 3.95047E-5 4.4915E-5 5.41577E-5 7.09372E-5 5.91197E-5 6.49433E-5 7.40462E-5 5.88418E-5 5.06982E-5 4.15775E-5 3.37779E-5 3.31127E-5 2.76112E-5 2.73808E-5 1.77679E-5 1.77033E-5 2.01075E-5 2.01165E-5 1.47047E-5 1.46856E-5 1.72119E-5 1.70257E-5 1.14199E-5 1.13626E-5 1.1125E-5 1.10329E-5 7.4624E-6
