maxentoutput/gp.asc
ncols         721
nrows         361
xllcorner     -180.0
yllcorner     -90.0
cellsize      0.5
NODATA_value  -9999
[rows 0 to 24 of 361, columns 342 to 398 of 721]
1.2748E-9 1.28152E-9 1.28633E-9 1.27635E-9 1.26647E-9 1.26103E-9 1.25707E-9 1.24301E-9 1.22817E-9 1.23801E-9 1.25686E-9 1.26486E-9 1.26743E-9 1.30105E-9 1.29943E-9 1.26565E-9 1.25683E-9 1.21872E-9 1.21564E-9 1.26493E-9 1.24626E-9 1.21938E-9 1.21636E-9 1.2444E-9 1.22787E-9 1.20068E-9 1.19334E-9 1.19155E-9 1.18682E-9 1.16352E-9 1.15304E-9 1.14611E-9 1.14594E-9 1.15056E-9 1.14951E-9 1.14696E-9 1.14471E-9 1.16187E-9 1.15671E-9 1.14691E-9 1.14789E-9 1.14213E-9 1.14096E-9 1.16341E-9 1.1568E-9 1.13653E-9 1.14055E-9 1.13973E-9 1.1444E-9 1.16471E-9 1.15963E-9 1.14572E-9 1.13894E-9 1.16845E-9 1.17394E-9 1.18505E-9 1.18569E-9
3.08347E-9 3.06223E-9 3.05669E-9 3.05223E-9 3.04623E-9 3.0356E-9 3.03259E-9 3.0399E-9 2.90121E-9 2.89361E-9 2.89766E-9 2.91103E-9 2.90437E-9 2.88558E-9 2.88152E-9 2.88368E-9 2.87732E-9 2.86995E-9 2.88053E-9 2.89326E-9 2.89373E-9 2.89647E-9 2.90174E-9 2.89293E-9 2.88349E-9 2.87426E-9 2.87091E-9 2.88369E-9 2.87654E-9 2.86509E-9 3.49218E-9 3.49006E-9 3.48736E-9 3.4932E-9 3.49052E-9 3.49338E-9 3.48663E-9 3.46261E-9 2.84952E-9 2.84629E-9 2.84689E-9 2.85941E-9 2.86224E-9 2.87929E-9 2.87438E-9 2.91449E-9 2.90805E-9 2.90254E-9 2.89861E-9 2.89477E-9 2.89213E-9 2.89045E-9 2.8892E-9 2.81668E-9 2.81278E-9 2.81084E-9 2.80312E-9
3.75854E-9 3.74417E-9 3.72807E-9 3.72276E-9 3.71965E-9 3.69703E-9 3.68103E-9 3.69104E-9 3.61485E-9 3.57919E-9 3.57761E-9 3.59116E-9 3.59059E-9 3.58379E-9 3.56669E-9 3.59511E-9 3.59446E-9 3.58289E-9 3.59576E-9 3.66759E-9 3.67263E-9 3.74658E-9 3.72072E-9 3.68456E-9 3.67682E-9 3.64524E-9 3.64599E-9 3.71534E-9 3.6675E-9 3.56445E-9 3.61683E-9 3.58444E-9 3.58392E-9 3.59334E-9 3.60091E-9 3.6055E-9 3.60239E-9 3.5955E-9 3.58579E-9 3.59631E-9 3.60478E-9 3.70803E-9 3.68776E-9 3.71486E-9 3.71745E-9 3.697E-9 3.66733E-9 3.60901E-9 3.59424E-9 3.58528E-9 3.58538E-9 3.63939E-9 3.6684E-9 3.5623E-9 3.55561E-9 3.54764E-9 3.5411E-9
3.53824E-9 3.5244E-9 3.52113E-9 3.53592E-9 3.52883E-9 3.50699E-9 3.49138E-9 3.50186E-9 3.44815E-9 3.42854E-9 3.43123E-9 3.44221E-9 3.44146E-9 3.44248E-9 3.43639E-9 3.46324E-9 3.45579E-9 3.45083E-9 3.45596E-9 3.50763E-9 3.51775E-9 3.57484E-9 3.56217E-9 3.52656E-9 3.53015E-9 3.52195E-9 3.53576E-9 3.57821E-9 3.55474E-9 3.49573E-9 3.55187E-9 3.52635E-9 3.52848E-9 3.54032E-9 3.5447E-9 3.55086E-9 3.55501E-9 3.5584E-9 3.54962E-9 3.55861E-9 3.57063E-9 3.65564E-9 3.64384E-9 3.659E-9 3.66998E-9 3.66586E-9 3.64588E-9 3.59076E-9 3.58806E-9 3.59392E-9 3.60787E-9 3.66513E-9 3.69994E-9 3.59738E-9 3.59551E-9 3.58797E-9 3.58899E-9
3.3737E-9 3.37997E-9 3.38956E-9 3.39722E-9 3.40124E-9 3.40596E-9 3.40647E-9 3.40392E-9 3.35975E-9 3.36935E-9 3.38833E-9 3.40959E-9 3.42342E-9 3.43423E-9 3.43895E-9 3.49147E-9 3.4937E-9 3.49649E-9 3.50291E-9 3.515E-9 3.52477E-9 3.53372E-9 3.54337E-9 3.51341E-9 3.52332E-9 3.53026E-9 3.54283E-9 3.55862E-9 3.56846E-9 3.58061E-9 3.66123E-9 3.67195E-9 3.68345E-9 3.69423E-9 3.70236E-9 3.70585E-9 3.71209E-9 3.71916E-9 3.7102E-9 3.71772E-9 3.72521E-9 3.73342E-9 3.74513E-9 3.75708E-9 3.76289E-9 3.76171E-9 3.76499E-9 3.76333E-9 3.77068E-9 3.78013E-9 3.79959E-9 3.82634E-9 3.84098E-9 3.72738E-9 3.7233E-9 3.72283E-9 3.72401E-9
3.26519E-9 3.31576E-9 3.34505E-9 3.35583E-9 3.36055E-9 3.36342E-9 3.34755E-9 3.30628E-9 3.2976E-9 3.33792E-9 3.37024E-9 3.39786E-9 3.41799E-9 3.42915E-9 3.41453E-9 3.4438E-9 3.49133E-9 3.51567E-9 3.5244E-9 3.53499E-9 3.54548E-9 3.53911E-9 3.51293E-9 3.51275E-9 3.55955E-9 3.58223E-9 3.60187E-9 3.62145E-9 3.62861E-9 3.61164E-9 3.66747E-9 3.7316E-9 3.7686E-9 3.78666E-9 3.80071E-9 3.8085E-9 3.79627E-9 3.7564E-9 3.77569E-9 3.81728E-9 3.83485E-9 3.84531E-9 3.85949E-9 3.86586E-9 3.84234E-9 3.8188E-9 3.87257E-9 3.89725E-9 3.91421E-9 3.93083E-9 3.95372E-9 3.96579E-9 3.93982E-9 3.87205E-9 3.90569E-9 3.92073E-9 3.92888E-9
2.85471E-9 2.86229E-9 2.86838E-9 2.87207E-9 2.8755E-9 2.87879E-9 2.88364E-9 2.8872E-9 2.92838E-9 2.94566E-9 2.97445E-9 3.00371E-9 3.02821E-9 3.05077E-9 3.06724E-9 3.0671E-9 3.07725E-9 3.08688E-9 3.0944E-9 3.10375E-9 3.11678E-9 3.13052E-9 3.14924E-9 3.14511E-9 3.16289E-9 3.18121E-9 3.20372E-9 3.23348E-9 3.25262E-9 3.26887E-9 3.29889E-9 3.31948E-9 3.33648E-9 3.36601E-9 3.38398E-9 3.39054E-9 3.40395E-9 3.43325E-9 3.46226E-9 3.4424E-9 3.45437E-9 3.55997E-9 3.58013E-9 3.60634E-9 3.62946E-9 3.70819E-9 3.73492E-9 3.75111E-9 3.78095E-9 3.9437E-9 3.98785E-9 3.97363E-9 4.01743E-9 4.0691E-9 4.08388E-9 4.17996E-9 4.20178E-9
2.86601E-9 2.86586E-9 2.86155E-9 2.85369E-9 2.85109E-9 2.85175E-9 2.86091E-9 2.86889E-9 2.91457E-9 2.93553E-9 2.96823E-9 3.00304E-9 3.03452E-9 3.06399E-9 3.08782E-9 3.09522E-9 3.11427E-9 3.13221E-9 3.14705E-9 3.16004E-9 3.17628E-9 3.19338E-9 3.21536E-9 3.21441E-9 3.23515E-9 3.25705E-9 3.27996E-9 3.29722E-9 3.31871E-9 3.34768E-9 3.39374E-9 3.43592E-9 3.46915E-9 3.51801E-9 3.5477E-9 3.55205E-9 3.57099E-9 3.61832E-9 3.64771E-9 3.62364E-9 3.63498E-9 3.79244E-9 3.80533E-9 3.83074E-9 3.8841E-9 4.04347E-9 4.1172E-9 4.14079E-9 4.17447E-9 4.45038E-9 4.51643E-9 4.48367E-9 4.54528E-9 4.58735E-9 4.60783E-9 4.76214E-9 4.80865E-9
2.90203E-9 2.88446E-9 2.86428E-9 2.84369E-9 2.83566E-9 2.82941E-9 2.84002E-9 2.85181E-9 2.89553E-9 2.92422E-9 2.96694E-9 3.00694E-9 3.04078E-9 3.07368E-9 3.10433E-9 3.11911E-9 3.1447E-9 3.1694E-9 3.19217E-9 3.21242E-9 3.23384E-9 3.25575E-9 3.28605E-9 3.30224E-9 3.34549E-9 3.39795E-9 3.43247E-9 3.43205E-9 3.42883E-9 3.4836E-9 3.57668E-9 3.63122E-9 3.63E-9 3.77579E-9 3.82937E-9 3.96071E-9 4.01139E-9 4.23009E-9 4.30986E-9 4.53853E-9 4.62771E-9 5.15778E-9 5.2666E-9 5.67689E-9 5.86435E-9 7.04447E-9 7.38855E-9 7.99169E-9 8.28853E-9 9.85953E-9 1.01395E-8 1.11028E-8 1.13759E-8 1.26262E-8 1.2818E-8 1.27714E-8 1.26746E-8
2.97231E-9 2.96526E-9 2.94791E-9 2.92496E-9 2.91431E-9 2.9005E-9 2.90967E-9 2.92553E-9 2.99083E-9 3.02723E-9 3.07327E-9 3.1156E-9 3.14845E-9 3.17582E-9 3.20023E-9 3.1916E-9 3.22378E-9 3.27419E-9 3.32604E-9 3.36817E-9 3.38084E-9 3.4125E-9 3.4501E-9 3.45664E-9 3.49277E-9 3.54817E-9 3.59091E-9 3.61656E-9 3.65274E-9 3.74393E-9 3.79288E-9 3.86277E-9 3.91056E-9 4.16276E-9 4.26826E-9 4.45532E-9 4.4658E-9 4.78498E-9 4.83488E-9 5.11595E-9 5.18716E-9 6.052E-9 6.07463E-9 6.50114E-9 6.73758E-9 8.53111E-9 8.93421E-9 9.87211E-9 1.0251E-8 1.25189E-8 1.30655E-8 1.43937E-8 1.46208E-8 1.56491E-8 1.57804E-8 1.58112E-8 1.61867E-8
3.04472E-9 3.03813E-9 3.048E-9 3.01934E-9 2.98704E-9 2.99063E-9 3.0166E-9 3.04862E-9 3.12002E-9 3.14826E-9 3.19504E-9 3.24236E-9 3.2891E-9 3.33592E-9 3.38131E-9 3.37169E-9 3.42263E-9 3.46908E-9 3.51008E-9 3.54988E-9 3.59168E-9 3.63854E-9 3.66608E-9 3.66141E-9 3.68979E-9 3.83576E-9 3.8762E-9 3.96103E-9 4.06457E-9 4.40102E-9 4.63459E-9 4.81967E-9 4.97834E-9 5.46318E-9 5.60262E-9 6.24014E-9 6.43438E-9 7.13955E-9 7.2704E-9 8.47145E-9 8.85401E-9 1.03683E-8 1.07402E-8 1.1778E-8 1.23216E-8 1.56946E-8 1.63236E-8 2.14229E-8 2.22205E-8 2.52769E-8 2.61194E-8 2.97571E-8 3.03304E-8 3.50595E-8 3.55057E-8 3.37218E-8 3.40317E-8
3.13864E-9 3.14502E-9 3.14378E-9 3.14706E-9 3.16945E-9 3.16761E-9 3.1926E-9 3.22123E-9 3.3059E-9 3.37284E-9 3.4592E-9 3.53525E-9 3.55757E-9 3.58091E-9 3.65086E-9 3.65143E-9 3.71333E-9 3.74912E-9 3.79796E-9 3.81392E-9 3.80487E-9 3.85702E-9 3.9386E-9 3.97953E-9 4.01502E-9 4.27648E-9 4.3469E-9 4.45982E-9 4.5442E-9 4.96247E-9 5.14535E-9 5.40102E-9 5.56661E-9 6.11484E-9 6.30952E-9 7.12966E-9 7.34388E-9 8.1412E-9 8.29192E-9 9.83526E-9 1.02022E-8 1.17781E-8 1.2041E-8 1.32939E-8 1.37509E-8 1.75921E-8 1.79739E-8 2.29356E-8 2.34119E-8 2.66045E-8 2.73245E-8 3.05658E-8 3.10851E-8 3.57249E-8 3.58318E-8 3.38742E-8 3.39766E-8
3.25334E-9 3.27856E-9 3.30524E-9 3.3287E-9 3.37513E-9 3.44416E-9 3.5114E-9 3.58302E-9 3.66931E-9 3.68143E-9 3.68483E-9 3.67885E-9 3.66454E-9 3.69883E-9 3.7686E-9 3.7993E-9 3.88657E-9 3.93762E-9 3.99862E-9 4.06782E-9 4.11558E-9 4.31387E-9 4.40817E-9 4.43521E-9 4.468E-9 5.05172E-9 5.31713E-9 5.5053E-9 5.70116E-9 6.52163E-9 6.86524E-9 7.45956E-9 7.72447E-9 8.5383E-9 8.97947E-9 9.0766E-9 9.2865E-9 1.10353E-8 1.1271E-8 1.13951E-8 1.18641E-8 1.44722E-8 1.48142E-8 1.41376E-8 1.44134E-8 1.75704E-8 1.79024E-8 1.68933E-8 1.71181E-8 1.99188E-8 2.01596E-8 1.71247E-8 1.73465E-8 1.81282E-8 1.81442E-8 1.84229E-8 1.84397E-8
3.53004E-9 3.47025E-9 3.49286E-9 3.57063E-9 3.66324E-9 3.71614E-9 3.72855E-9 3.76321E-9 3.75057E-9 3.75049E-9 3.80193E-9 3.82254E-9 3.85758E-9 3.91301E-9 4.01214E-9 4.10969E-9 4.19007E-9 4.23669E-9 4.28101E-9 4.35701E-9 4.41804E-9 4.68921E-9 4.82202E-9 4.9747E-9 5.04885E-9 5.84738E-9 6.26037E-9 6.40761E-9 6.46383E-9 7.3961E-9 7.785E-9 8.51372E-9 8.84301E-9 9.61249E-9 9.98178E-9 1.02024E-8 1.04707E-8 1.23282E-8 1.31562E-8 1.33188E-8 1.38008E-8 1.65255E-8 1.67833E-8 1.61298E-8 1.65296E-8 2.14888E-8 2.26252E-8 2.24401E-8 2.30731E-8 2.64334E-8 2.67173E-8 2.28903E-8 2.29808E-8 2.29005E-8 2.29014E-8 2.3108E-8 2.30794E-8
4.02595E-9 3.91984E-9 3.92885E-9 4.012E-9 4.03407E-9 4.07792E-9 4.08475E-9 4.27046E-9 4.35096E-9 4.37431E-9 4.45745E-9 4.44742E-9 4.45282E-9 4.44674E-9 4.46861E-9 4.53898E-9 4.6446E-9 4.72219E-9 4.81433E-9 4.99048E-9 5.11597E-9 5.43768E-9 5.61219E-9 5.76914E-9 5.82251E-9 6.24603E-9 6.47249E-9 6.59061E-9 6.7634E-9 7.19064E-9 7.48859E-9 8.34934E-9 8.60289E-9 8.28989E-9 8.58087E-9 9.66397E-9 9.92789E-9 9.73763E-9 1.03029E-8 1.07021E-8 1.10247E-8 1.19701E-8 1.21116E-8 1.20811E-8 1.26158E-8 1.45718E-8 1.58833E-8 1.75382E-8 1.8582E-8 1.9014E-8 1.92779E-8 1.89196E-8 1.894E-8 1.8222E-8 1.78957E-8 1.66212E-8 1.65337E-8
4.79316E-9 4.4763E-9 4.4348E-9 4.51628E-9 4.58758E-9 4.68457E-9 4.7711E-9 4.88856E-9 4.85231E-9 4.81549E-9 4.92221E-9 5.02528E-9 5.14717E-9 5.27643E-9 5.38851E-9 5.48927E-9 5.55893E-9 5.6013E-9 5.74183E-9 5.93046E-9 6.08736E-9 6.44858E-9 6.68691E-9 6.94605E-9 7.13679E-9 7.61879E-9 7.8708E-9 8.02633E-9 8.21308E-9 8.71248E-9 9.12951E-9 1.0086E-8 1.045E-8 1.02313E-8 1.05468E-8 1.14184E-8 1.16763E-8 1.16824E-8 1.23839E-8 1.2765E-8 1.29746E-8 1.38193E-8 1.3887E-8 1.39298E-8 1.48789E-8 1.7777E-8 2.06884E-8 2.44731E-8 2.69754E-8 2.87761E-8 2.94036E-8 2.90145E-8 2.90593E-8 2.79701E-8 2.79512E-8 2.63548E-8 2.62718E-8
6.03265E-9 5.34244E-9 5.18047E-9 5.25879E-9 5.36256E-9 5.4613E-9 5.56045E-9 5.6068E-9 5.66215E-9 5.59488E-9 5.67084E-9 5.75973E-9 5.83892E-9 6.01583E-9 6.22143E-9 6.43741E-9 6.68515E-9 6.87303E-9 7.08255E-9 7.2799E-9 7.46856E-9 7.63663E-9 7.83553E-9 8.06814E-9 8.4151E-9 8.80321E-9 9.04865E-9 9.19624E-9 9.39251E-9 9.60737E-9 9.92168E-9 1.01318E-8 1.03505E-8 1.05797E-8 1.07949E-8 1.09666E-8 1.11342E-8 1.12981E-8 1.19083E-8 1.20202E-8 1.20954E-8 1.21561E-8 1.22407E-8 1.22563E-8 1.35331E-8 1.70323E-8 2.14751E-8 2.79675E-8 3.30487E-8 3.77745E-8 3.91735E-8 3.87579E-8 3.79213E-8 3.46622E-8 3.44179E-8 3.41556E-8 3.3829E-8
7.57547E-9 6.73614E-9 6.51816E-9 6.42694E-9 6.41889E-9 6.54411E-9 6.65849E-9 6.65696E-9 6.77258E-9 6.90382E-9 7.03158E-9 7.13597E-9 7.31472E-9 7.53433E-9 7.75512E-9 7.95979E-9 8.32748E-9 8.53392E-9 8.89546E-9 9.23872E-9 9.66108E-9 1.00845E-8 1.05592E-8 1.0864E-8 1.12568E-8 1.16387E-8 1.19435E-8 1.21661E-8 1.24421E-8 1.27455E-8 1.29627E-8 1.32958E-8 1.35507E-8 1.38648E-8 1.41184E-8 1.42953E-8 1.46629E-8 1.50583E-8 1.69295E-8 1.75987E-8 1.80979E-8 1.86909E-8 1.87027E-8 1.85808E-8 2.05502E-8 2.78663E-8 3.71461E-8 5.16182E-8 6.04255E-8 6.66997E-8 7.02732E-8 7.30853E-8 7.43323E-8 6.71332E-8 7.7214E-8 9.27494E-8 9.64661E-8
8.75352E-9 7.76588E-9 7.55613E-9 7.58332E-9 7.68334E-9 7.74354E-9 7.82351E-9 7.95689E-9 7.98349E-9 8.17029E-9 8.41905E-9 8.62451E-9 8.81002E-9 9.14519E-9 9.48189E-9 9.84928E-9 1.04379E-8 1.11741E-8 1.18648E-8 1.22936E-8 1.30139E-8 1.41722E-8 1.48783E-8 1.47675E-8 1.5309E-8 1.58616E-8 1.63275E-8 1.63936E-8 1.68078E-8 1.70708E-8 1.73599E-8 1.7811E-8 1.81987E-8 1.83995E-8 1.87206E-8 1.90164E-8 1.98649E-8 2.09476E-8 2.47738E-8 2.69805E-8 2.84218E-8 2.96879E-8 2.9767E-8 2.94112E-8 3.25223E-8 4.41536E-8 6.14191E-8 9.06015E-8 1.01265E-7 1.03963E-7 1.13625E-7 1.25622E-7 1.28381E-7 1.14259E-7 1.57622E-7 6.43447E-7 7.7288E-7
9.90005E-9 9.0359E-9 8.81375E-9 8.80566E-9 8.9257E-9 9.0875E-9 9.39218E-9 9.6065E-9 9.85733E-9 1.02234E-8 1.05718E-8 1.07558E-8 1.11713E-8 1.16153E-8 1.22504E-8 1.28557E-8 1.37412E-8 1.50382E-8 1.60375E-8 1.68694E-8 1.78664E-8 1.9697E-8 2.10423E-8 2.04051E-8 2.10497E-8 2.19377E-8 2.29637E-8 2.28717E-8 2.35344E-8 2.39504E-8 2.45104E-8 2.5284E-8 2.58873E-8 2.61065E-8 2.65853E-8 2.70031E-8 2.90933E-8 3.21297E-8 4.18943E-8 5.17799E-8 6.46646E-8 8.09535E-8 8.59231E-8 8.60604E-8 9.35129E-8 1.2315E-7 1.56575E-7 1.94519E-7 2.24128E-7 2.2744E-7 2.38157E-7 2.37774E-7 2.47114E-7 2.12271E-7 2.49318E-7 9.88329E-7 1.19662E-6
1.1072E-8 1.05319E-8 1.03596E-8 1.02482E-8 1.0409E-8 1.06293E-8 1.10752E-8 1.15237E-8 1.19883E-8 1.24327E-8 1.30657E-8 1.36895E-8 1.41097E-8 1.48007E-8 1.57861E-8 1.70816E-8 1.83268E-8 2.09345E-8 2.27814E-8 2.55474E-8 2.72145E-8 3.3842E-8 3.63102E-8 4.27121E-8 4.28866E-8 4.31225E-8 4.57549E-8 4.71153E-8 4.89584E-8 4.50833E-8 4.55714E-8 4.43286E-8 4.42874E-8 4.09792E-8 4.15119E-8 3.97421E-8 4.44852E-8 5.27862E-8 7.82912E-8 2.77015E-7 3.69216E-7 5.5896E-6 4.92265E-6 8.0929E-6 8.3464E-6 7.63327E-6 3.66379E-6 4.10874E-6 4.07973E-6 4.84028E-6 3.21679E-6 1.77266E-6 2.16661E-6 2.27488E-6 2.28655E-6 1.38633E-6 2.63474E-6
1.20319E-8 1.18205E-8 1.17836E-8 1.1767E-8 1.20306E-8 1.23285E-8 1.29066E-8 1.35236E-8 1.42341E-8 1.46999E-8 1.55418E-8 1.64062E-8 1.74174E-8 1.86487E-8 2.00492E-8 2.22184E-8 2.40151E-8 2.82189E-8 3.09147E-8 3.49348E-8 3.72699E-8 4.84498E-8 5.14668E-8 6.30101E-8 6.55371E-8 6.61977E-8 7.07809E-8 7.3358E-8 7.71345E-8 6.81478E-8 7.0589E-8 6.83072E-8 6.85429E-8 6.07818E-8 6.17262E-8 5.79033E-8 6.56124E-8 7.94032E-8 1.23235E-7 5.49996E-7 1.1046E-5 1.49376E-5 2.03763E-5 1.66555E-5 1.09542E-5 1.25906E-5 1.03266E-5 1.08157E-5 6.45896E-6 2.74184E-6 1.92898E-6 3.83496E-6 4.20222E-6 4.31911E-6 4.18727E-6 2.98379E-6 3.97308E-6
1.33305E-8 1.35172E-8 1.37316E-8 1.39269E-8 1.43469E-8 1.48109E-8 1.56852E-8 1.66554E-8 1.76889E-8 1.89545E-8 2.00969E-8 2.12393E-8 2.29024E-8 2.88385E-8 3.2489E-8 3.99965E-8 4.57891E-8 7.84059E-8 9.40034E-8 1.14391E-7 1.26928E-7 2.57573E-7 2.82239E-7 4.05326E-7 4.36618E-7 6.09489E-7 6.35961E-7 5.29156E-7 5.43017E-7 4.1596E-7 4.16689E-7 3.15882E-7 2.9725E-7 1.79955E-7 1.71461E-7 1.20483E-7 1.39441E-7 1.50089E-7 2.40269E-7 1.72664E-5 1.44714E-5 7.48937E-6 1.71926E-5 1.96977E-5 2.47633E-5 1.75138E-5 2.13898E-5 1.02726E-5 9.80571E-6 2.93346E-6 3.90246E-6 5.80973E-6 7.77128E-6 9.41479E-6 5.06118E-6 1.04298E-5 7.02427E-6
1.48393E-8 1.53032E-8 1.58297E-8 1.63998E-8 1.72087E-8 1.80897E-8 1.9407E-8 2.08599E-8 2.24428E-8 2.45229E-8 2.62193E-8 2.81789E-8 3.06961E-8 4.14768E-8 4.67254E-8 5.88756E-8 6.62693E-8 1.19146E-7 1.37525E-7 1.64769E-7 1.78488E-7 3.74077E-7 4.10885E-7 5.93738E-7 6.31254E-7 8.88796E-7 9.41773E-7 7.91531E-7 8.22562E-7 6.39414E-7 6.58096E-7 5.04191E-7 4.76933E-7 2.72523E-7 2.69961E-7 1.74776E-7 1.96687E-7 1.97684E-7 2.84979E-7 2.23178E-5 3.19925E-5 3.04923E-5 2.15835E-5 2.47757E-5 4.02977E-5 5.6485E-5 2.77201E-5 8.67973E-6 5.54886E-6 5.08807E-6 5.34174E-6 5.29016E-6 6.47831E-6 7.0751E-6 6.44237E-6 7.16966E-6 7.75903E-6
1.63835E-8 1.71694E-8 1.81644E-8 1.9207E-8 2.05604E-8 2.21512E-8 2.41811E-8 2.67452E-8 2.91339E-8 3.3554E-8 3.77875E-8 4.68654E-8 5.39215E-8 1.19992E-7 1.44727E-7 2.56042E-7 3.0372E-7 9.11781E-7 1.06885E-6 3.34176E-6 3.64262E-6 6.2566E-6 6.84511E-6 5.68676E-6 6.04809E-6 4.98684E-6 5.25129E-6 4.44365E-6 4.53514E-6 7.44096E-6 7.95265E-6 9.84783E-6 1.04697E-5 7.67152E-6 7.35062E-6 3.11285E-6 3.52303E-6 5.75759E-6 7.61714E-6 1.39712E-6 1.20967E-6 4.99515E-6 6.18546E-6 2.05543E-6 2.50413E-6 3.5515E-6 3.18226E-5 1.38923E-5 8.53476E-6 8.56172E-6 6.53152E-6 4.38401E-6 4.61617E-6 4.22833E-6 4.69889E-6 5.85871E-6 7.2299E-6
