maxentoutput/gp.asc
ncols         721
nrows         361
xllcorner     -180.0
yllcorner     -90.0
cellsize      0.5
NODATA_value  -9999
[rows 200 to 224 of 361, columns 456 to 512 of 721]
2.34952E-6 3.11672E-6 3.38269E-6 3.18499E-6 2.96872E-6 2.59869E-6 2.68163E-6 3.71091E-6 5.94759E-6 1.94962E-5 2.90877E-5 5.46633E-5 5.94819E-5 4.79126E-5 4.78911E-5 9.13615E-5 9.48209E-5 1.38686E-4 1.40314E-4 1.82788E-4 1.80865E-4 1.10272E-4 1.10207E-4 1.32541E-4 1.33915E-4 1.55398E-4 1.55091E-4 1.9806E-4 1.94071E-4 2.77255E-4 2.64716E-4 3.17403E-4 3.18226E-4 2.84681E-4 2.82167E-4 3.91833E-4 3.89184E-4 4.49751E-4 4.79505E-4 7.90704E-4 8.36375E-4 9.47416E-4 9.38637E-4 8.93758E-4 9.50825E-4 1.02668E-3 1.02943E-3 1.01425E-3 1.00014E-3 9.64693E-4 9.51479E-4 6.25911E-4 6.20894E-4 5.53438E-4 5.51785E-4 5.19685E-4 5.23841E-4
2.05254E-6 2.56095E-6 2.63706E-6 2.3703E-6 2.32761E-6 2.44615E-6 2.65905E-6 3.87174E-6 6.46724E-6 2.03143E-5 2.94407E-5 5.50536E-5 5.99044E-5 4.80158E-5 4.85298E-5 8.91193E-5 9.34934E-5 1.31172E-4 5.20437E-5 1.71402E-4 1.7089E-4 1.07821E-4 1.0651E-4 1.30802E-4 1.31556E-4 1.53851E-4 1.54218E-4 1.97137E-4 1.9643E-4 2.78631E-4 2.68312E-4 3.18068E-4 3.18842E-4 2.91074E-4 2.86348E-4 3.95233E-4 4.01798E-4 4.81737E-4 4.85458E-4 8.23065E-4 8.40095E-4 1.00081E-3 9.90429E-4 9.29468E-4 9.78787E-4 1.05751E-3 1.04707E-3 1.03179E-3 1.01138E-3 9.85168E-4 9.99053E-4 6.44827E-4 6.44491E-4 5.73455E-4 5.737E-4 5.39301E-4 5.41496E-4
3.18948E-6 3.09111E-6 3.02527E-6 2.4588E-6 2.67009E-6 4.39357E-6 5.26023E-6 3.26123E-6 5.2739E-6 1.15477E-5 1.62434E-5 2.62428E-5 2.79783E-5 2.50157E-5 2.47867E-5 3.28329E-5 3.33979E-5 3.64941E-5 3.72212E-5 4.15454E-5 4.12138E-5 3.40571E-5 3.41212E-5 4.23999E-5 4.18973E-5 4.2717E-5 4.6492E-5 6.81282E-5 6.82491E-5 7.05143E-5 6.79836E-5 9.22425E-5 9.20153E-5 9.05314E-5 8.99732E-5 1.2812E-4 1.30217E-4 1.11518E-4 1.14976E-4 2.19256E-4 2.20448E-4 3.20744E-4 3.2821E-4 4.02682E-4 4.3949E-4 3.86717E-4 3.87277E-4 5.63043E-4 5.55521E-4 6.5469E-4 6.46403E-4 9.69531E-4 9.66914E-4 8.06035E-4 8.03074E-4 9.56395E-4 9.61411E-4
3.52902E-6 2.92598E-6 2.81964E-6 4.89039E-5 2.61889E-6 4.79348E-6 5.5329E-6 3.42825E-6 5.41135E-6 1.15899E-5 1.60886E-5 2.56488E-5 2.74965E-5 2.46736E-5 2.49376E-5 3.19623E-5 3.27358E-5 3.5857E-5 3.63323E-5 4.09479E-5 4.07988E-5 3.37577E-5 3.35777E-5 4.24077E-5 4.22266E-5 4.40726E-5 4.60308E-5 6.89511E-5 6.96521E-5 6.83087E-5 6.83454E-5 9.21254E-5 9.13634E-5 9.11692E-5 9.21437E-5 1.32282E-4 1.39944E-4 1.20892E-4 1.22948E-4 2.33048E-4 2.34296E-4 3.43866E-4 3.43694E-4 4.20312E-4 4.28302E-4 3.81127E-4 3.85292E-4 5.54817E-4 5.46993E-4 6.50669E-4 6.50881E-4 9.92772E-4 9.9234E-4 8.24079E-4 8.22847E-4 9.81615E-4 9.83365E-4
2.46265E-6 2.4586E-5 4.16762E-5 5.47071E-5 2.13552E-5 2.94829E-6 3.52685E-6 3.18444E-6 4.97102E-6 1.26519E-5 1.74613E-5 2.50732E-5 2.62546E-5 2.6701E-5 2.68736E-5 2.94539E-5 2.87662E-5 2.99864E-5 3.06948E-5 3.68218E-5 3.71791E-5 3.59755E-5 3.6075E-5 3.74657E-5 3.81979E-5 4.11176E-5 4.24748E-5 6.01034E-5 5.79484E-5 9.58821E-5 9.50032E-5 1.42682E-4 1.40289E-4 1.0398E-4 1.02497E-4 1.43057E-4 1.5072E-4 2.00715E-4 2.052E-4 3.59056E-4 3.74232E-4 5.16054E-4 5.26545E-4 6.79019E-4 6.88021E-4 4.63862E-4 4.70623E-4 7.98463E-4 8.10174E-4 1.05919E-3 1.04719E-3 7.31848E-4 7.28824E-4 8.0299E-4 8.05326E-4 8.58158E-4 8.60392E-4
2.28236E-6 2.17817E-5 2.27357E-5 4.23114E-5 2.65422E-5 2.8569E-6 3.35022E-6 3.24389E-6 5.0805E-6 1.26595E-5 1.73619E-5 2.44554E-5 2.59169E-5 2.62428E-5 2.64443E-5 2.84139E-5 2.82054E-5 2.86913E-5 2.93811E-5 3.5136E-5 3.58625E-5 3.5228E-5 3.56892E-5 3.73841E-5 3.75918E-5 4.10143E-5 4.48941E-5 5.76319E-5 5.8101E-5 9.55992E-5 9.61266E-5 1.4276E-4 1.42772E-4 1.05433E-4 1.02645E-4 1.42482E-4 1.51147E-4 1.99822E-4 2.07706E-4 3.55924E-4 3.64911E-4 5.06679E-4 5.05029E-4 6.53095E-4 6.62104E-4 4.49548E-4 4.57131E-4 7.79187E-4 7.96698E-4 1.09066E-3 1.08519E-3 7.52765E-4 7.5327E-4 8.24696E-4 8.27075E-4 8.79668E-4 8.79476E-4
8.9318E-6 1.56941E-5 8.0729E-6 3.58562E-5 1.83126E-5 1.1862E-5 1.75548E-5 2.97574E-6 4.77404E-6 1.20577E-5 1.63918E-5 1.82843E-5 1.93961E-5 1.86534E-5 1.86313E-5 1.82555E-5 1.80629E-5 1.74537E-5 1.763E-5 1.89874E-5 1.91329E-5 2.05189E-5 2.07722E-5 2.27184E-5 2.28625E-5 2.42214E-5 2.63203E-5 3.0766E-5 3.00213E-5 4.04876E-5 4.04312E-5 4.66787E-5 4.60397E-5 3.99062E-5 4.06974E-5 5.48181E-5 5.76102E-5 7.13884E-5 7.02554E-5 1.10283E-4 1.09186E-4 1.27637E-4 1.28581E-4 1.52608E-4 1.49139E-4 1.36818E-4 1.41002E-4 2.52496E-4 2.59847E-4 3.48283E-4 3.5277E-4 7.83863E-4 7.84178E-4 6.76719E-4 6.5637E-4 4.38065E-4 4.3096E-4
1.72825E-5 1.8912E-5 7.15041E-5 4.57797E-5 1.30528E-5 8.83481E-6 1.71174E-5 3.09234E-6 4.93504E-6 1.25081E-5 1.70678E-5 1.9056E-5 2.03228E-5 1.93694E-5 1.9401E-5 1.8702E-5 1.8588E-5 1.7924E-5 1.82124E-5 1.94231E-5 1.95252E-5 2.07853E-5 2.12726E-5 2.34126E-5 2.34999E-5 2.54334E-5 2.74273E-5 3.19605E-5 3.08661E-5 4.14493E-5 4.14553E-5 4.78753E-5 4.81528E-5 4.19156E-5 4.22293E-5 5.66478E-5 6.01123E-5 7.37407E-5 7.31362E-5 1.10669E-4 1.09791E-4 1.26942E-4 1.27127E-4 1.47185E-4 1.40617E-4 1.31338E-4 1.34593E-4 2.42333E-4 2.50244E-4 3.29568E-4 3.39373E-4 7.68976E-4 7.66846E-4 6.62097E-4 6.40399E-4 4.41579E-4 4.42585E-4
1.98986E-5 1.92231E-5 7.47907E-5 4.93805E-5 1.2138E-5 8.72303E-6 1.40293E-5 2.78429E-6 4.44842E-6 1.23039E-5 1.68351E-5 1.99674E-5 2.12277E-5 2.08123E-5 2.0606E-5 1.99209E-5 1.96372E-5 2.15925E-5 2.17151E-5 2.20944E-5 2.23816E-5 2.20411E-5 2.29008E-5 2.61781E-5 2.69468E-5 3.49432E-5 3.54852E-5 4.54855E-5 4.41341E-5 4.30281E-5 4.30016E-5 4.8839E-5 4.88936E-5 6.04608E-5 6.11055E-5 7.40182E-5 7.88137E-5 1.00626E-4 1.00681E-4 1.33653E-4 1.32511E-4 1.68412E-4 1.64414E-4 2.08314E-4 1.91517E-4 1.82266E-4 1.82916E-4 3.46226E-4 3.657E-4 5.7766E-4 6.06022E-4 1.16871E-3 1.16982E-3 1.14058E-3 1.14409E-3 1.11938E-3 1.12629E-3
1.33211E-5 1.31586E-5 3.53832E-5 3.2868E-5 9.55793E-6 1.38052E-5 1.51663E-5 2.92313E-6 4.60485E-6 1.25487E-5 1.73845E-5 2.06809E-5 1.82103E-5 1.36073E-5 1.54379E-5 1.94237E-5 2.03242E-5 2.21251E-5 2.25999E-5 2.23692E-5 2.28443E-5 2.31783E-5 2.43697E-5 2.82103E-5 2.91718E-5 3.74048E-5 3.74073E-5 4.72399E-5 4.43483E-5 4.35018E-5 4.32951E-5 4.88673E-5 4.99542E-5 6.06136E-5 6.14262E-5 7.62408E-5 8.13201E-5 1.03358E-4 1.02354E-4 1.38879E-4 1.36519E-4 1.71151E-4 1.65483E-4 2.04712E-4 1.88921E-4 1.78415E-4 1.82784E-4 3.46114E-4 3.61248E-4 5.66579E-4 5.84014E-4 1.1646E-3 1.18492E-3 1.21871E-3 1.21326E-3 1.18128E-3 1.18559E-3
9.83231E-6 1.31371E-5 2.55572E-5 2.4967E-5 8.97173E-6 1.37571E-5 1.45581E-5 3.16651E-6 4.98594E-6 1.36528E-5 1.89734E-5 1.96679E-5 1.28621E-5 2.17853E-4 3.45894E-4 1.71408E-5 1.98976E-5 2.13866E-5 2.15889E-5 2.12213E-5 2.15791E-5 2.16948E-5 2.25792E-5 2.25185E-5 2.3662E-5 2.91869E-5 2.92388E-5 3.50692E-5 3.22182E-5 2.99461E-5 3.02324E-5 3.19856E-5 3.21217E-5 3.75161E-5 3.84168E-5 4.13178E-5 3.90786E-5 4.55027E-5 4.65227E-5 5.81751E-5 5.68176E-5 6.74913E-5 6.61229E-5 8.00362E-5 7.6305E-5 7.89457E-5 7.96858E-5 1.15312E-4 1.16939E-4 1.5219E-4 1.54372E-4 2.79482E-4 2.90342E-4 3.20578E-4 3.2901E-4 3.43943E-4 3.5003E-4
9.68585E-6 1.42254E-5 1.71661E-5 1.81781E-5 4.90056E-6 7.68653E-6 1.49632E-5 3.22169E-6 5.09211E-6 1.39487E-5 1.93257E-5 2.00327E-5 1.51071E-5 1.42327E-4 2.73483E-4 1.81945E-5 2.01378E-5 2.18217E-5 2.19841E-5 2.19777E-5 2.27817E-5 2.29791E-5 1.97325E-5 1.48733E-5 1.88403E-5 2.83861E-5 2.97712E-5 3.49339E-5 3.23532E-5 3.11652E-5 3.1165E-5 3.32027E-5 3.35224E-5 3.91051E-5 3.98521E-5 4.38404E-5 4.03751E-5 4.84919E-5 4.89877E-5 6.10823E-5 5.98554E-5 7.28441E-5 6.96766E-5 8.51971E-5 7.99842E-5 8.35685E-5 8.58894E-5 1.21497E-4 1.22917E-4 1.60875E-4 1.61195E-4 2.97984E-4 3.08962E-4 3.47834E-4 3.57851E-4 3.79197E-4 3.94351E-4
2.17144E-5 3.95905E-5 2.64623E-5 9.84532E-6 5.00003E-6 6.16826E-6 9.8912E-6 3.36521E-6 5.40518E-6 1.53998E-5 2.12314E-5 2.26083E-5 2.26084E-5 2.02725E-5 2.18005E-5 2.06841E-5 2.11511E-5 2.17062E-5 2.21036E-5 2.16489E-5 2.24795E-5 2.18682E-5 1.39361E-5 1.89679E-4 7.63572E-5 2.17469E-5 2.4528E-5 2.62026E-5 2.5105E-5 3.54224E-5 3.55878E-5 2.97892E-5 3.03408E-5 4.14101E-5 4.31746E-5 4.35473E-5 4.13892E-5 4.94349E-5 5.10133E-5 5.68066E-5 5.64554E-5 9.06868E-5 8.77673E-5 1.36518E-4 1.28678E-4 9.95875E-5 9.97359E-5 1.4354E-4 1.49123E-4 2.06519E-4 2.07716E-4 3.13842E-4 3.29721E-4 4.20703E-4 4.36091E-4 4.35442E-4 4.51898E-4
5.49328E-5 2.18447E-5 2.08059E-5 7.67549E-6 6.24826E-6 1.90042E-5 1.22046E-5 4.00143E-6 6.15099E-6 1.64978E-5 2.18824E-5 2.25647E-5 2.40413E-5 2.35708E-5 2.41676E-5 2.15308E-5 2.13145E-5 2.21248E-5 2.25054E-5 2.20857E-5 2.2951E-5 2.21978E-5 1.61617E-5 3.26106E-4 2.21487E-4 2.27361E-5 2.3174E-5 2.60526E-5 2.57302E-5 3.58335E-5 3.5638E-5 3.07361E-5 3.13476E-5 4.36891E-5 4.54707E-5 4.61124E-5 4.44862E-5 5.06211E-5 5.27658E-5 5.88334E-5 5.98672E-5 9.44074E-5 9.28022E-5 1.44468E-4 1.3796E-4 1.09188E-4 1.09263E-4 1.55846E-4 1.64555E-4 2.21165E-4 2.24758E-4 3.54166E-4 3.67518E-4 4.79145E-4 5.01394E-4 4.78262E-4 4.95574E-4
5.24243E-5 2.93539E-5 1.35825E-5 7.46803E-6 2.45021E-5 2.16513E-5 1.65692E-5 5.35669E-6 7.62515E-6 1.99015E-5 2.5248E-5 2.58612E-5 2.69946E-5 2.56585E-5 2.67848E-5 2.28891E-5 2.29539E-5 2.38373E-5 2.42709E-5 2.25135E-5 2.32709E-5 2.59827E-5 2.67945E-5 2.38458E-5 2.4759E-5 2.49727E-5 2.42171E-5 2.84755E-5 2.87708E-5 2.87708E-5 2.87878E-5 2.61269E-5 2.68873E-5 3.10975E-5 3.15208E-5 3.03443E-5 2.94567E-5 3.43878E-5 3.59855E-5 4.12948E-5 4.23135E-5 5.6351E-5 5.66125E-5 7.22982E-5 6.98302E-5 6.15928E-5 6.08874E-5 7.49834E-5 7.5863E-5 9.55239E-5 9.51282E-5 1.27899E-4 1.3165E-4 1.45828E-4 1.52284E-4 1.66199E-4 1.68085E-4
1.4125E-4 3.26934E-5 1.81801E-5 6.25119E-6 2.94801E-5 3.11521E-5 2.44588E-5 7.82557E-6 1.0154E-5 2.366E-5 2.77554E-5 2.68212E-5 2.78387E-5 2.62232E-5 2.75556E-5 2.36304E-5 2.38858E-5 2.4755E-5 2.51392E-5 2.31984E-5 2.39239E-5 2.59575E-5 2.73305E-5 2.86331E-5 2.79107E-5 2.4647E-5 2.45196E-5 2.92957E-5 2.94736E-5 2.95507E-5 2.9949E-5 2.74722E-5 2.79939E-5 3.21551E-5 3.22196E-5 3.20148E-5 3.09534E-5 3.57616E-5 3.73685E-5 4.34722E-5 4.50833E-5 6.05177E-5 6.07693E-5 7.87528E-5 7.60705E-5 6.63047E-5 6.78154E-5 8.37335E-5 8.46505E-5 1.04376E-4 1.0743E-4 1.43147E-4 1.49777E-4 1.70804E-4 1.74365E-4 1.92379E-4 1.94031E-4
2.52673E-4 7.61798E-5 1.38528E-5 8.92604E-6 2.49267E-5 8.75647E-5 7.19046E-5 1.30362E-5 1.52595E-5 2.33644E-5 2.55455E-5 2.22692E-5 2.29292E-5 2.469E-5 2.62095E-5 2.32152E-5 2.36769E-5 2.59447E-5 2.63642E-5 2.44657E-5 2.46341E-5 3.00639E-5 3.00202E-5 2.94451E-5 2.88001E-5 3.04109E-5 3.02922E-5 2.74684E-5 2.80291E-5 3.00401E-5 3.10853E-5 3.09281E-5 3.16771E-5 3.52542E-5 3.59987E-5 3.24628E-5 3.18605E-5 3.92971E-5 4.09646E-5 4.26419E-5 4.36968E-5 5.53856E-5 5.61954E-5 6.83503E-5 6.64593E-5 8.34555E-5 8.29736E-5 8.30905E-5 8.5306E-5 1.18077E-4 1.27943E-4 1.83244E-4 1.95466E-4 1.63023E-4 1.66371E-4 2.00013E-4 2.09093E-4
3.6365E-4 7.39927E-5 9.30648E-6 3.81575E-5 2.94337E-5 1.12394E-4 9.57681E-5 1.72588E-5 1.90318E-5 2.72838E-5 2.7921E-5 2.23802E-5 2.192E-5 2.23694E-5 2.33217E-5 1.98959E-5 2.02329E-5 2.23133E-5 2.35002E-5 2.24038E-5 2.39018E-5 3.02536E-5 3.19528E-5 3.13437E-5 3.11258E-5 3.31416E-5 3.20859E-5 2.91632E-5 2.96769E-5 3.23303E-5 3.32095E-5 3.29324E-5 3.3811E-5 3.80049E-5 3.76222E-5 3.39676E-5 3.32217E-5 3.98564E-5 4.10718E-5 4.36945E-5 4.54247E-5 5.68787E-5 5.90977E-5 7.02297E-5 6.89619E-5 8.7729E-5 8.89398E-5 8.72036E-5 8.95902E-5 1.31543E-4 1.41494E-4 2.0363E-4 2.19617E-4 1.79205E-4 1.82914E-4 2.21646E-4 2.30271E-4
4.72797E-4 4.0413E-5 8.74397E-6 4.52463E-5 4.0932E-4 3.88109E-5 4.20304E-5 2.34163E-5 2.46499E-5 3.31778E-5 3.20228E-5 5.38924E-5 5.02915E-5 3.46888E-5 3.19841E-4 2.75429E-4 2.77718E-4 4.25753E-4 4.68602E-4 2.38015E-4 2.70472E-4 3.34889E-5 3.4796E-5 3.47705E-5 3.52136E-5 3.96068E-5 4.11833E-5 3.5658E-5 3.64512E-5 3.75646E-5 3.93073E-5 3.67133E-5 3.69862E-5 3.69277E-5 3.65722E-5 3.24357E-5 3.15453E-5 3.52992E-5 3.58714E-5 3.54801E-5 3.6441E-5 4.48222E-5 4.61847E-5 5.58369E-5 5.42608E-5 6.3374E-5 6.41958E-5 6.87311E-5 7.16049E-5 9.43636E-5 1.02237E-4 1.21275E-4 1.28791E-4 1.17748E-4 1.20759E-4 1.53775E-4 1.58976E-4
2.04798E-4 2.20342E-5 1.73917E-5 2.56927E-4 4.74403E-4 4.22896E-5 4.53819E-5 2.53679E-5 2.64907E-5 3.58822E-5 3.29255E-5 5.36485E-5 4.52564E-5 2.83141E-5 2.53342E-4 2.26467E-4 2.1036E-4 3.12162E-4 3.10717E-4 1.22828E-4 1.80339E-4 3.0157E-5 3.36177E-5 3.59375E-5 3.72048E-5 4.23197E-5 4.2621E-5 3.72481E-5 3.84788E-5 4.17637E-5 4.39826E-5 1.01483E-3 4.14651E-5 3.9349E-5 3.72677E-5 3.30026E-5 3.2706E-5 3.59662E-5 3.64113E-5 3.62812E-5 3.76964E-5 4.61536E-5 4.77575E-5 5.69654E-5 5.67565E-5 6.60312E-5 6.72034E-5 7.27104E-5 7.5116E-5 9.7479E-5 1.06527E-4 1.27985E-4 1.39095E-4 1.24021E-4 1.29358E-4 1.64917E-4 1.69152E-4
1.59796E-4 2.12337E-5 5.74241E-5 1.76172E-5 2.76937E-5 1.27998E-4 1.32688E-4 3.49035E-5 3.66119E-5 3.48399E-5 3.05599E-5 3.87788E-5 2.87377E-5 1.20178E-4 1.0425E-3 6.84501E-4 6.51948E-4 1.57986E-4 1.32546E-4 9.64404E-4 1.24523E-3 2.91008E-5 3.88136E-5 4.78254E-5 4.90258E-5 4.48084E-5 4.51612E-5 3.87546E-5 3.88048E-5 3.99968E-5 4.13392E-5 3.46554E-5 3.44942E-5 3.47494E-5 3.38847E-5 3.0625E-5 2.96556E-5 3.26995E-5 3.34869E-5 3.53472E-5 3.70359E-5 4.37184E-5 4.4541E-5 5.02562E-5 4.96773E-5 6.63416E-5 6.77097E-5 7.44636E-5 7.47683E-5 7.18566E-5 7.64677E-5 7.64074E-5 7.86838E-5 1.20881E-4 1.242E-4 1.54675E-4 1.60526E-4
7.23618E-5 2.14079E-5 7.75114E-5 1.86454E-5 2.8354E-5 1.27514E-4 1.3714E-4 3.62535E-5 3.85494E-5 3.69064E-5 3.2176E-5 4.00875E-5 2.99952E-5 1.00887E-4 9.58954E-4 9.6885E-4 5.30246E-4 1.53866E-4 1.3402E-4 1.34268E-3 3.04012E-3 2.97155E-5 3.95508E-5 4.95789E-5 5.18472E-5 4.62777E-5 4.61131E-5 4.01392E-5 4.01841E-5 4.10688E-5 4.20769E-5 3.52527E-5 3.51446E-5 3.61826E-5 3.55046E-5 3.20084E-5 3.13206E-5 3.38086E-5 3.51332E-5 3.8319E-5 3.89719E-5 4.67667E-5 4.79359E-5 5.40929E-5 5.44926E-5 7.26402E-5 7.4536E-5 8.04747E-5 8.05455E-5 7.81348E-5 8.12036E-5 8.06754E-5 8.42937E-5 1.27629E-4 1.32783E-4 1.64902E-4 1.72557E-4
4.08876E-5 2.44219E-5 5.24088E-5 9.01234E-6 1.35111E-5 3.552E-5 4.76383E-5 4.4629E-5 4.76878E-5 4.67039E-5 4.10303E-5 5.44621E-5 4.06681E-5 6.03003E-5 3.43726E-4 6.23151E-4 2.56989E-3 9.83875E-5 9.36109E-5 5.28835E-5 7.4595E-5 3.8067E-5 4.79291E-5 5.61784E-5 5.94171E-5 5.48458E-5 5.52037E-5 4.70667E-5 4.70926E-5 4.42911E-5 4.43863E-5 3.87847E-5 3.91871E-5 3.99423E-5 3.92176E-5 3.38545E-5 3.34302E-5 3.85025E-5 3.93636E-5 4.12919E-5 4.24798E-5 5.17392E-5 5.33651E-5 5.45188E-5 5.57291E-5 6.20911E-5 6.37687E-5 8.76054E-5 8.81955E-5 7.55574E-5 7.8219E-5 8.79411E-5 9.46126E-5 1.19039E-4 1.24542E-4 1.75131E-4 1.83831E-4
3.77656E-5 7.44972E-5 4.98252E-5 8.83672E-6 1.36235E-5 3.57621E-5 4.89178E-5 4.63089E-5 4.95435E-5 4.85801E-5 4.45639E-5 6.34445E-5 5.14908E-5 9.30945E-5 4.83478E-4 8.98985E-4 1.08875E-3 1.40732E-4 1.40442E-4 8.04508E-5 1.06228E-4 4.51131E-5 5.23263E-5 5.91914E-5 6.0539E-5 5.70159E-5 5.74959E-5 4.88235E-5 4.91486E-5 4.59348E-5 4.64513E-5 4.03064E-5 4.05499E-5 4.23726E-5 4.15313E-5 3.58772E-5 3.58517E-5 4.02273E-5 4.12152E-5 4.29575E-5 4.42687E-5 5.34405E-5 5.52737E-5 5.74773E-5 5.88145E-5 6.6547E-5 6.84476E-5 9.71272E-5 9.69516E-5 8.2741E-5 8.66732E-5 9.70937E-5 1.0483E-4 1.30626E-4 1.36002E-4 1.93355E-4 2.01886E-4
3.47605E-5 8.53562E-5 2.7256E-5 1.18464E-5 1.91824E-5 5.02963E-5 6.8502E-5 5.87376E-5 6.24062E-5 5.90109E-5 5.75958E-5 1.22548E-4 1.08788E-4 7.32775E-5 3.37594E-4 2.79639E-4 2.69761E-4 3.88797E-4 4.03432E-4 1.47812E-4 1.71867E-4 4.42423E-5 4.85754E-5 5.41986E-5 5.52369E-5 5.92628E-5 5.87772E-5 4.84481E-5 4.98006E-5 5.37528E-5 5.44457E-5 4.47826E-5 4.57292E-5 4.23857E-5 4.26614E-5 3.83255E-5 3.86673E-5 3.96485E-5 4.01343E-5 4.12028E-5 4.19495E-5 4.27162E-5 4.39798E-5 4.44977E-5 4.46238E-5 5.44599E-5 5.62601E-5 5.69163E-5 5.8748E-5 8.77391E-5 9.2462E-5 1.24704E-4 1.29204E-4 1.95026E-4 2.05532E-4 2.76551E-4 2.87482E-4
