maxentoutput/gp.asc
ncols         721
nrows         361
xllcorner     -180.0
yllcorner     -90.0
cellsize      0.5
NODATA_value  -9999
[rows 200 to 224 of 361, columns 513 to 569 of 721]
6.56069E-4 6.54596E-4 8.14805E-4 8.14543E-4 5.85403E-4 5.86422E-4 8.96131E-4 8.88377E-4 8.30535E-4 8.7447E-4 4.57742E-4 4.49385E-4 4.59114E-4 4.54256E-4 1.69583E-4 1.71803E-4 1.63484E-4 1.54514E-4 4.02271E-5 4.03085E-5 6.46725E-5 6.46899E-5 6.08792E-5 6.08911E-5 7.28063E-5 7.46493E-5 1.12558E-4 1.12695E-4 1.01249E-4 1.04149E-4 1.80448E-4 1.82188E-4 2.00627E-4 2.05468E-4 3.47539E-4 3.48235E-4 3.52755E-4 3.65706E-4 5.33837E-4 5.29292E-4 4.66655E-4 4.69156E-4 4.49959E-4 4.54772E-4 3.79601E-4 3.72856E-4 4.81233E-4 4.84191E-4 5.52583E-4 5.61565E-4 7.86783E-4 7.90631E-4 7.85806E-4 6.84063E-4 6.36657E-4 4.53234E-4 2.31663E-4
6.73973E-4 6.69868E-4 8.31854E-4 8.32359E-4 6.13817E-4 6.16314E-4 9.13082E-4 9.04923E-4 8.44131E-4 8.88569E-4 4.67452E-4 4.61243E-4 4.69227E-4 4.65413E-4 1.73428E-4 1.77269E-4 1.682E-4 1.57902E-4 4.07449E-5 4.10778E-5 6.57987E-5 6.60203E-5 6.23464E-5 6.23349E-5 7.46544E-5 7.71138E-5 1.15427E-4 1.1332E-4 1.01174E-4 1.04994E-4 1.79893E-4 1.82034E-4 1.97472E-4 2.01412E-4 3.41556E-4 3.43843E-4 3.53603E-4 3.61828E-4 5.31441E-4 5.20481E-4 4.68457E-4 4.73418E-4 4.50635E-4 4.59061E-4 3.84193E-4 3.80032E-4 5.04707E-4 5.26359E-4 5.68812E-4 5.76547E-4 8.14085E-4 8.18699E-4 8.37447E-4 6.89119E-4 6.35221E-4 4.41193E-4 2.1177E-4
8.11207E-4 8.3429E-4 3.98822E-4 3.99143E-4 2.45868E-4 2.4767E-4 2.97202E-4 3.00885E-4 2.94E-4 3.15423E-4 9.65925E-4 9.55144E-4 1.00026E-3 9.85728E-4 4.85684E-4 4.92713E-4 4.31724E-4 4.02116E-4 1.88013E-4 1.88856E-4 2.7038E-4 2.74053E-4 2.50156E-4 2.50155E-4 3.01495E-4 3.20363E-4 3.106E-4 3.00751E-4 2.78159E-4 2.8796E-4 3.37263E-4 3.41681E-4 3.64416E-4 3.65756E-4 4.51964E-4 4.57252E-4 5.1854E-4 5.18454E-4 5.5166E-4 5.45978E-4 4.93622E-4 4.98704E-4 4.23656E-4 4.27881E-4 3.48105E-4 3.43662E-4 5.24695E-4 5.08798E-4 6.72104E-4 6.77011E-4 8.50552E-4 8.46758E-4 6.9324E-4 5.81464E-4 5.60171E-4 3.87563E-4 1.66188E-4
8.19225E-4 8.45587E-4 4.15981E-4 4.12608E-4 2.52265E-4 2.53487E-4 3.07112E-4 3.0938E-4 3.05409E-4 3.13235E-4 9.50614E-4 9.41154E-4 9.88819E-4 9.75591E-4 4.81364E-4 4.87658E-4 4.10692E-4 4.30339E-4 2.02321E-4 2.00192E-4 2.90887E-4 2.94374E-4 2.65852E-4 2.71298E-4 3.03456E-4 3.20682E-4 3.15316E-4 3.05231E-4 2.85667E-4 2.87319E-4 3.40414E-4 3.39504E-4 3.74488E-4 3.76425E-4 4.69264E-4 4.71423E-4 5.30985E-4 5.43105E-4 5.79911E-4 5.47613E-4 4.85743E-4 5.1806E-4 4.21988E-4 4.22261E-4 3.47574E-4 3.3774E-4 4.85982E-4 4.87218E-4 6.64944E-4 6.75878E-4 9.35397E-4 8.91707E-4 7.09803E-4 6.19833E-4 6.29644E-4 4.57654E-4 2.00027E-4
7.59552E-4 7.74575E-4 4.26047E-4 4.33492E-4 2.91913E-4 2.9375E-4 3.47392E-4 3.50062E-4 5.84475E-4 6.02484E-4 8.96683E-4 8.78935E-4 8.11863E-4 7.93417E-4 4.09317E-4 4.10377E-4 3.87147E-4 4.02897E-4 2.37892E-4 2.37714E-4 2.65451E-4 2.65192E-4 2.48367E-4 2.50422E-4 2.4148E-4 2.53692E-4 2.29628E-4 2.28235E-4 2.15885E-4 2.15014E-4 2.46503E-4 2.50372E-4 2.62649E-4 2.65174E-4 4.08289E-4 4.12674E-4 4.02972E-4 4.09365E-4 4.9241E-4 4.58193E-4 3.5738E-4 1.21496E-4 3.28124E-4 3.27804E-4 2.29052E-4 2.23207E-4 3.13993E-4 3.16829E-4 5.46223E-4 5.63129E-4 7.81993E-4 7.87226E-4 5.38972E-4 4.98588E-4 4.83949E-4 4.17104E-4 2.56472E-4
7.884E-4 8.10041E-4 4.4188E-4 4.50776E-4 3.06797E-4 3.09543E-4 3.66111E-4 3.67072E-4 6.04265E-4 6.25657E-4 9.33985E-4 9.16868E-4 8.44116E-4 8.3308E-4 4.28331E-4 4.2528E-4 3.98843E-4 4.09749E-4 2.47137E-4 2.44921E-4 2.70865E-4 2.69069E-4 2.532E-4 2.56563E-4 2.49197E-4 2.57815E-4 2.31174E-4 2.34473E-4 2.23927E-4 2.22912E-4 2.49647E-4 2.5581E-4 2.71016E-4 2.71052E-4 4.17747E-4 4.20074E-4 4.0431E-4 4.15501E-4 4.80767E-4 4.56667E-4 3.49093E-4 3.40812E-4 3.16639E-4 3.18007E-4 2.19892E-4 2.14004E-4 3.0771E-4 3.06661E-4 5.39634E-4 5.59134E-4 7.86694E-4 7.76675E-4 5.56829E-4 5.17802E-4 5.41366E-4 4.92184E-4 3.25044E-4
2.79479E-4 2.87603E-4 1.44363E-4 1.46246E-4 1.06111E-4 1.07207E-4 1.17724E-4 1.18929E-4 1.46905E-4 1.51297E-4 3.15573E-4 3.20502E-4 3.47589E-4 3.5969E-4 1.12485E-3 1.11911E-3 1.03536E-3 1.09426E-3 9.3885E-4 9.36719E-4 1.01355E-3 9.99784E-4 8.75839E-4 8.77459E-4 9.60145E-4 9.86602E-4 7.35811E-4 7.40284E-4 7.29707E-4 7.11504E-4 6.30805E-4 6.36991E-4 6.49429E-4 6.43733E-4 6.72873E-4 6.7788E-4 6.9361E-4 6.92161E-4 6.46517E-4 6.44117E-4 5.45528E-4 4.80359E-4 4.32224E-4 4.34465E-4 3.2628E-4 3.23062E-4 3.31708E-4 3.28161E-4 6.11313E-4 6.38684E-4 8.38792E-4 8.33051E-4 5.39788E-4 5.40727E-4 6.71819E-4 6.37949E-4 4.33435E-4
2.88861E-4 2.97165E-4 1.50755E-4 1.51791E-4 1.11241E-4 1.12871E-4 1.23718E-4 1.23075E-4 1.51056E-4 1.5536E-4 3.23726E-4 3.25712E-4 3.54859E-4 3.65213E-4 1.18754E-3 1.15206E-3 1.05985E-3 1.12063E-3 9.77132E-4 9.74985E-4 1.06444E-3 1.07987E-3 9.36089E-4 9.38681E-4 1.05484E-3 1.0586E-3 7.97603E-4 8.03349E-4 7.70372E-4 7.63596E-4 6.81576E-4 6.76147E-4 6.5722E-4 6.43308E-4 6.73837E-4 6.82887E-4 6.95099E-4 6.92911E-4 6.42872E-4 6.48314E-4 5.1584E-4 4.98698E-4 4.54698E-4 4.56629E-4 3.34306E-4 3.32455E-4 3.42801E-4 3.26864E-4 6.25865E-4 6.31857E-4 8.38252E-4 8.40421E-4 5.40285E-4 5.32384E-4 6.66512E-4 6.65978E-4 4.69359E-4
4.57534E-4 4.66901E-4 2.31451E-4 2.35835E-4 2.17555E-4 2.16542E-4 1.94002E-4 1.919E-4 1.44993E-4 1.47265E-4 3.01408E-4 3.10529E-4 4.86015E-4 4.97458E-4 1.22036E-3 1.21849E-3 1.07914E-3 1.10489E-3 8.76513E-4 8.73581E-4 9.66923E-4 9.92205E-4 1.01241E-3 9.98996E-4 9.28729E-4 9.14505E-4 7.69912E-4 7.7352E-4 7.446E-4 7.50634E-4 6.75199E-4 6.60191E-4 7.01095E-4 6.80639E-4 6.55054E-4 6.53704E-4 5.52697E-4 5.45709E-4 4.97755E-4 4.95135E-4 5.4672E-4 5.43382E-4 4.53826E-4 4.43903E-4 3.86432E-4 3.87444E-4 4.565E-4 4.51566E-4 4.28529E-4 4.3043E-4 5.36698E-4 5.33808E-4 4.87966E-4 4.87675E-4 6.06787E-4 6.0221E-4 5.44755E-4
4.8046E-4 4.84637E-4 2.38396E-4 2.43153E-4 2.2452E-4 2.21726E-4 1.99412E-4 1.97977E-4 1.47838E-4 1.49933E-4 3.02084E-4 3.1482E-4 4.95293E-4 5.04452E-4 1.28557E-3 1.28923E-3 1.1715E-3 1.18411E-3 9.34322E-4 9.48348E-4 1.0584E-3 1.10724E-3 1.12315E-3 1.0948E-3 1.03024E-3 9.80512E-4 8.29231E-4 8.21117E-4 8.00032E-4 7.97986E-4 7.30074E-4 7.12665E-4 7.60014E-4 7.37991E-4 7.07303E-4 7.01001E-4 5.84234E-4 5.8292E-4 5.3346E-4 5.55079E-4 5.7881E-4 5.74877E-4 4.71381E-4 4.68854E-4 4.05086E-4 4.01451E-4 4.7764E-4 4.55829E-4 4.44062E-4 4.43627E-4 5.49471E-4 5.45129E-4 5.00934E-4 5.00759E-4 6.23365E-4 6.28075E-4 5.61243E-4
1.77505E-4 1.78835E-4 1.25854E-4 1.25373E-4 1.02927E-4 1.00809E-4 9.03823E-5 8.99209E-5 7.61084E-5 7.73499E-5 1.12618E-4 1.14763E-4 1.48351E-4 1.53249E-4 3.01936E-4 3.01575E-4 3.57174E-4 3.72879E-4 5.9702E-4 6.18155E-4 4.2621E-4 4.26475E-4 4.36234E-4 4.2236E-4 5.14435E-4 5.00954E-4 7.09444E-4 7.04349E-4 6.93975E-4 7.0542E-4 8.17088E-4 8.15966E-4 7.16086E-4 7.30062E-4 1.06866E-3 1.10608E-3 1.35452E-3 1.3559E-3 1.17074E-3 1.18264E-3 1.33884E-3 1.34663E-3 1.13243E-3 1.12615E-3 1.03034E-3 1.00346E-3 8.72804E-4 8.03833E-4 8.51009E-4 8.43066E-4 8.03984E-4 7.94976E-4 7.13079E-4 7.11454E-4 9.90781E-4 1.00316E-3 9.48839E-4
1.92421E-4 1.93321E-4 1.35885E-4 1.33672E-4 1.09576E-4 1.06255E-4 9.54194E-5 9.46369E-5 8.01933E-5 8.18651E-5 1.17581E-4 1.1876E-4 1.53549E-4 1.58969E-4 3.12589E-4 3.11975E-4 3.68789E-4 3.8026E-4 6.36952E-4 6.53176E-4 4.377E-4 4.4051E-4 4.67841E-4 4.71611E-4 5.73988E-4 5.67161E-4 7.81337E-4 7.69532E-4 7.33163E-4 7.59679E-4 8.6358E-4 8.64119E-4 7.51184E-4 7.80733E-4 1.15246E-3 1.19162E-3 1.47349E-3 1.47899E-3 1.24016E-3 1.28174E-3 1.45382E-3 1.44415E-3 1.21653E-3 1.22656E-3 1.09628E-3 1.10087E-3 9.35629E-4 8.74293E-4 8.98746E-4 8.91842E-4 8.31846E-4 8.32342E-4 7.47838E-4 7.51194E-4 1.05585E-3 1.07636E-3 1.01844E-3
2.86126E-4 2.87228E-4 1.95288E-4 1.92489E-4 1.5879E-4 1.53865E-4 1.34138E-4 1.3412E-4 1.68604E-4 1.70078E-4 2.10113E-4 2.14933E-4 2.26972E-4 2.36064E-4 3.57566E-4 3.61139E-4 3.81158E-4 4.00099E-4 5.05447E-4 5.20404E-4 7.84342E-4 7.81524E-4 1.12339E-3 1.15229E-3 1.1393E-3 1.10481E-3 1.52477E-3 1.49452E-3 1.31942E-3 1.33063E-3 1.60273E-3 1.61962E-3 1.42279E-3 1.40963E-3 1.56134E-3 1.54755E-3 1.42904E-3 1.4232E-3 1.19378E-3 1.24622E-3 1.09654E-3 1.07992E-3 1.13865E-3 1.14675E-3 1.20101E-3 1.19322E-3 1.03632E-3 9.67667E-4 7.80572E-4 7.66578E-4 8.97766E-4 8.9744E-4 8.73911E-4 8.79948E-4 1.17122E-3 1.18546E-3 1.06464E-3
3.05415E-4 3.14204E-4 2.1467E-4 2.11674E-4 1.78012E-4 1.71991E-4 1.4696E-4 1.48502E-4 1.90037E-4 1.9003E-4 2.31246E-4 2.35265E-4 2.52712E-4 2.6035E-4 3.98025E-4 4.06679E-4 4.36856E-4 4.51024E-4 5.86092E-4 6.10743E-4 9.04273E-4 9.13947E-4 1.33495E-3 1.36993E-3 1.34785E-3 1.31249E-3 1.72059E-3 1.72002E-3 1.48358E-3 1.47127E-3 1.75261E-3 1.79524E-3 1.61487E-3 1.61714E-3 1.68593E-3 1.67618E-3 1.55938E-3 1.54669E-3 1.30646E-3 1.37085E-3 1.19967E-3 1.16804E-3 1.25162E-3 1.2596E-3 1.31689E-3 1.32573E-3 1.14021E-3 1.06675E-3 8.77524E-4 8.47971E-4 9.90639E-4 9.85982E-4 9.56314E-4 9.58463E-4 1.26283E-3 1.27122E-3 1.13292E-3
1.26931E-4 1.31431E-4 1.29368E-4 1.30071E-4 9.98002E-5 9.52846E-5 9.23689E-5 9.19412E-5 1.03674E-4 1.03998E-4 1.23521E-4 1.2488E-4 1.16882E-4 1.18895E-4 1.4144E-4 1.42591E-4 1.33432E-4 1.35477E-4 1.53894E-4 1.58692E-4 2.60924E-4 2.68947E-4 4.44317E-4 4.62887E-4 3.44014E-4 3.28219E-4 4.42876E-4 4.25649E-4 4.30193E-4 4.36331E-4 4.60245E-4 4.74721E-4 6.16276E-4 6.15537E-4 6.68776E-4 6.68298E-4 9.0148E-4 8.59027E-4 8.7488E-4 8.4664E-4 9.07177E-4 9.23172E-4 8.84265E-4 8.89954E-4 7.83668E-4 8.04977E-4 1.23678E-3 1.2701E-3 1.77719E-3 1.747E-3 1.5785E-3 1.55999E-3 1.73652E-3 1.7319E-3 1.08125E-3 1.05428E-3 1.56575E-3
1.47446E-4 1.47675E-4 1.47651E-4 1.46354E-4 1.12124E-4 1.0778E-4 1.04605E-4 1.04423E-4 1.16668E-4 1.16493E-4 1.3957E-4 1.40845E-4 1.30887E-4 1.34087E-4 1.62989E-4 1.66175E-4 1.56044E-4 1.60826E-4 1.81776E-4 1.84653E-4 3.04686E-4 3.14701E-4 5.43589E-4 5.69083E-4 4.09948E-4 3.84047E-4 5.27759E-4 4.99004E-4 4.9885E-4 5.12382E-4 5.52467E-4 5.49424E-4 7.08408E-4 7.09006E-4 7.79371E-4 7.77259E-4 9.97564E-4 9.6611E-4 9.58334E-4 9.20595E-4 1.00576E-3 1.01622E-3 9.82888E-4 9.83485E-4 8.64559E-4 8.79947E-4 1.37637E-3 1.36482E-3 1.97935E-3 1.94991E-3 1.77926E-3 1.74989E-3 1.84353E-3 1.83956E-3 1.13142E-3 1.11007E-3 1.71444E-3
1.6813E-4 1.67864E-4 1.66836E-4 1.66025E-4 1.8786E-4 1.80924E-4 1.67291E-4 1.64873E-4 1.55401E-4 1.55462E-4 1.74276E-4 1.78749E-4 2.14644E-4 2.22641E-4 2.41954E-4 2.50008E-4 2.62241E-4 2.7555E-4 3.21959E-4 3.20063E-4 2.46981E-4 2.55146E-4 3.74957E-4 4.08393E-4 8.17778E-4 7.41028E-4 8.76127E-4 8.02661E-4 1.23701E-3 1.2438E-3 1.30086E-3 1.33407E-3 1.43212E-3 1.44579E-3 2.0608E-3 2.02669E-3 1.43444E-3 1.37188E-3 1.5691E-3 1.47483E-3 1.83245E-3 1.86218E-3 1.73819E-3 1.72721E-3 9.15254E-4 9.19522E-4 1.24136E-3 1.23355E-3 2.11633E-3 2.13272E-3 1.66214E-3 1.62427E-3 1.76369E-3 1.75793E-3 1.43933E-3 1.39268E-3 1.54727E-3
1.82508E-4 1.83782E-4 1.83927E-4 1.88231E-4 2.09981E-4 2.07949E-4 1.91761E-4 1.88131E-4 1.7441E-4 1.75227E-4 1.99744E-4 2.03995E-4 2.46263E-4 2.52638E-4 2.78573E-4 2.89356E-4 3.03858E-4 3.18023E-4 3.77282E-4 3.75432E-4 2.869E-4 2.92043E-4 4.39707E-4 4.74778E-4 8.81529E-4 8.15719E-4 1.03053E-3 9.58591E-4 1.424E-3 1.40312E-3 1.46577E-3 1.494E-3 1.59908E-3 1.60786E-3 2.19604E-3 2.17651E-3 1.59845E-3 1.58065E-3 1.78317E-3 1.65665E-3 2.02497E-3 2.0807E-3 1.94098E-3 1.9627E-3 9.86928E-4 9.99761E-4 1.31209E-3 1.32549E-3 2.34015E-3 2.31779E-3 1.80855E-3 1.81087E-3 1.89258E-3 1.84931E-3 1.51127E-3 1.46314E-3 1.74414E-3
1.13335E-4 1.14738E-4 1.24545E-4 1.29149E-4 1.47855E-4 1.46092E-4 1.66674E-4 1.64712E-4 1.3887E-4 1.38749E-4 1.64337E-4 1.6893E-4 2.17742E-4 2.25058E-4 2.75296E-4 2.82523E-4 2.81829E-4 2.8934E-4 2.26702E-4 2.28261E-4 2.70805E-4 2.79865E-4 3.08814E-4 3.17474E-4 4.1859E-4 3.95782E-4 4.51238E-4 4.33768E-4 5.78868E-4 5.78259E-4 5.62608E-4 5.72644E-4 7.00064E-4 6.96059E-4 5.81424E-4 5.82736E-4 5.03967E-4 5.14684E-4 4.86951E-4 4.89026E-4 6.14925E-4 6.11792E-4 5.37415E-4 5.35321E-4 4.21046E-4 4.22154E-4 6.8829E-4 6.94514E-4 1.14977E-3 1.12737E-3 2.58686E-3 2.52588E-3 1.09871E-3 1.07787E-3 8.01036E-4 7.91042E-4 1.39877E-3
1.23327E-4 1.26186E-4 1.37908E-4 1.40895E-4 1.62657E-4 1.61895E-4 1.88676E-4 1.90492E-4 1.5967E-4 1.57523E-4 1.91236E-4 1.90019E-4 2.50379E-4 2.59979E-4 3.15183E-4 3.18099E-4 3.12274E-4 3.24135E-4 2.52371E-4 2.59076E-4 3.04169E-4 3.15815E-4 3.538E-4 3.5875E-4 4.70461E-4 4.47472E-4 5.0674E-4 4.98527E-4 6.80684E-4 6.72817E-4 6.4802E-4 6.49495E-4 7.85358E-4 7.84993E-4 6.73309E-4 6.78332E-4 5.76761E-4 5.91889E-4 5.72563E-4 5.78791E-4 7.30211E-4 7.18945E-4 6.27126E-4 6.19382E-4 4.77216E-4 4.7742E-4 7.73396E-4 7.70055E-4 1.26534E-3 1.2653E-3 2.84872E-3 2.77691E-3 1.23101E-3 1.20088E-3 8.66962E-4 8.49836E-4 1.47818E-3
2.09695E-4 2.1522E-4 1.97515E-4 2.0005E-4 1.87501E-4 1.85982E-4 2.35109E-4 2.42794E-4 3.7387E-4 3.66267E-4 3.26444E-4 3.25972E-4 3.86469E-4 3.96134E-4 4.66366E-4 4.71894E-4 3.91989E-4 4.07941E-4 4.65332E-4 4.83037E-4 4.85275E-4 5.04923E-4 5.80413E-4 5.96042E-4 8.19126E-4 7.74466E-4 1.33289E-3 1.32227E-3 6.81618E-4 6.81843E-4 8.40257E-4 8.4271E-4 9.14286E-4 9.04414E-4 9.20241E-4 9.45184E-4 7.4641E-4 7.4295E-4 7.39718E-4 7.47473E-4 5.43911E-4 5.41389E-4 7.15317E-4 7.32876E-4 7.02596E-4 6.94191E-4 9.90583E-4 9.89716E-4 1.56492E-3 1.54303E-3 3.12624E-3 3.05961E-3 2.53713E-3 2.47887E-3 9.51268E-4 8.96864E-4 5.65793E-4
2.24568E-4 2.30543E-4 2.16971E-4 2.17395E-4 2.02849E-4 2.00164E-4 2.48921E-4 2.59955E-4 4.0243E-4 3.85738E-4 3.48908E-4 3.53036E-4 4.39314E-4 4.5189E-4 5.27989E-4 5.26622E-4 4.49932E-4 4.50232E-4 5.13149E-4 5.37098E-4 5.40713E-4 5.56693E-4 6.36272E-4 6.61313E-4 9.47444E-4 9.02886E-4 1.65459E-3 1.66743E-3 7.87869E-4 8.30855E-4 1.01552E-3 9.93147E-4 1.05286E-3 1.04824E-3 1.07229E-3 1.09807E-3 8.78389E-4 8.78689E-4 8.72839E-4 8.83917E-4 6.38958E-4 6.36996E-4 8.43671E-4 8.65578E-4 8.18139E-4 7.95354E-4 1.11147E-3 1.12035E-3 1.74371E-3 1.72078E-3 3.40204E-3 3.33857E-3 2.66764E-3 2.61549E-3 1.0497E-3 1.00303E-3 6.26749E-4
2.17431E-4 2.16935E-4 1.65281E-4 1.67439E-4 2.04519E-4 1.98157E-4 2.47528E-4 2.47082E-4 2.85923E-4 2.79507E-4 2.87498E-4 2.9321E-4 3.16248E-4 3.28729E-4 3.01834E-4 2.96397E-4 3.12891E-4 3.27426E-4 3.80612E-4 3.92663E-4 4.65855E-4 4.90991E-4 5.81888E-4 6.02841E-4 6.96388E-4 6.8075E-4 5.0423E-4 5.02682E-4 4.82709E-4 4.83948E-4 5.08501E-4 4.93288E-4 4.53619E-4 4.55816E-4 5.31963E-4 5.4415E-4 3.76959E-4 3.84898E-4 3.43916E-4 3.5491E-4 3.88571E-4 3.87301E-4 4.2691E-4 4.26802E-4 3.92796E-4 3.77734E-4 4.74837E-4 4.80645E-4 5.34752E-4 5.20563E-4 1.35701E-3 1.30876E-3 1.15299E-3 1.14006E-3 6.65448E-4 6.66355E-4 4.80448E-4
2.34029E-4 2.29344E-4 1.78799E-4 1.80947E-4 2.20864E-4 2.14927E-4 2.6591E-4 2.63333E-4 3.02493E-4 3.00315E-4 3.15783E-4 3.13325E-4 3.48129E-4 3.54509E-4 3.25266E-4 3.21786E-4 3.37918E-4 3.50767E-4 4.01903E-4 4.09224E-4 4.99167E-4 5.07085E-4 6.22503E-4 6.32994E-4 7.2886E-4 7.34806E-4 5.51735E-4 5.45332E-4 5.21365E-4 5.26464E-4 5.65654E-4 5.54764E-4 5.03162E-4 5.02767E-4 5.8917E-4 5.98415E-4 4.03897E-4 4.14664E-4 3.76191E-4 3.90729E-4 4.33529E-4 4.35297E-4 4.88946E-4 4.8641E-4 4.53022E-4 4.4321E-4 5.4867E-4 5.49751E-4 5.9624E-4 5.79368E-4 1.54635E-3 1.49338E-3 1.32221E-3 1.3049E-3 7.93603E-4 7.90923E-4 5.8147E-4
3.07876E-4 3.24808E-4 2.69294E-4 2.72331E-4 2.5939E-4 2.54448E-4 2.93626E-4 2.93205E-4 2.59828E-4 2.57865E-4 2.77588E-4 2.85E-4 2.92021E-4 2.9978E-4 2.85917E-4 2.83045E-4 2.01543E-4 2.039E-4 2.47658E-4 2.51283E-4 3.69654E-4 3.90217E-4 4.62181E-4 4.62138E-4 6.45753E-4 6.37341E-4 4.14555E-4 4.13664E-4 4.32763E-4 4.48855E-4 4.16151E-4 4.16562E-4 4.24958E-4 4.20697E-4 3.89772E-4 3.88904E-4 3.80679E-4 3.84304E-4 3.29525E-4 3.488E-4 4.11304E-4 4.27552E-4 5.04524E-4 5.01764E-4 4.53149E-4 4.49897E-4 8.24634E-4 8.47755E-4 6.60615E-4 6.39568E-4 8.95913E-4 9.00337E-4 1.61704E-3 1.62233E-3 1.21774E-3 1.28174E-3 1.26816E-3
