ascfiles/3_Altitude.asc
ncols 721
nrows 361
xllcorner -180.0
yllcorner -90.0
cellsize 0.5
NODATA_value -9999
[rows 186 to 216 of 361, columns 414 to 482 of 721]
812.0 722.0 1220.0 1298.0 2468.0 670.0 1832.0 1378.0 1522.0 1258.0 1198.0 1256.0 1150.0 1172.0 1342.0 1296.0 1626.0 1592.0 1760.0 1300.0 3828.0 1200.0 916.0 852.0 472.0 272.0 284.0 -143.0 -661.0 -2083.0 -2883.0 -3299.0 -3471.0 -3605.0 -3793.0 -4039.0 -4263.0 -4473.0 -4623.0 -4743.0 -4817.0 -4853.0 -4899.0 -4921.0 -4955.0 -5019.0 -5061.0 -5081.0 -5071.0 -5119.0 -4975.0 -4699.0 -4505.0 -3923.0 -3347.0 -3775.0 -3211.0 -3137.0 -3625.0 -3925.0 -4095.0 -4403.0 -4163.0 -4073.0 -4167.0 -3975.0 -2743.0 -4131.0 -4071.0
952.0 910.0 994.0 1760.0 2430.0 774.0 1844.0 1212.0 1310.0 1202.0 1150.0 1148.0 1164.0 1202.0 1098.0 1110.0 1028.0 1376.0 1170.0 1252.0 1104.0 1120.0 906.0 878.0 528.0 298.0 108.0 -711.0 -713.0 -2161.0 -2923.0 -3357.0 -3643.0 -3723.0 -4013.0 -4291.0 -4477.0 -4617.0 -4735.0 -4763.0 -4801.0 -4857.0 -4889.0 -4077.0 -4559.0 -4953.0 -5061.0 -5057.0 -5155.0 -5051.0 -5033.0 -4371.0 -4151.0 -2119.0 -2991.0 -3337.0 -1203.0 -61.0 -163.0 -2687.0 -3761.0 -4167.0 -4061.0 -4173.0 -4119.0 -4047.0 -3983.0 -3631.0 -3101.0
614.0 770.0 588.0 910.0 2008.0 770.0 1388.0 1228.0 1126.0 1182.0 1098.0 1142.0 1168.0 1216.0 1130.0 1096.0 1564.0 1762.0 1458.0 1218.0 1202.0 1200.0 846.0 606.0 512.0 180.0 -345.0 -773.0 -1465.0 -2013.0 -2931.0 -3395.0 -3779.0 -4003.0 -4251.0 -4401.0 -4527.0 -4625.0 -4667.0 -4727.0 -4745.0 -4835.0 -4883.0 -4917.0 -4937.0 -5011.0 -5071.0 -5039.0 -5085.0 -5069.0 -4663.0 -4351.0 -3991.0 -3445.0 -2823.0 -383.0 -55.0 -49.0 -11.0 -281.0 -2709.0 -3747.0 -3939.0 -3963.0 -4271.0 -4109.0 -4069.0 -3275.0 -3791.0
610.0 602.0 1110.0 782.0 1278.0 774.0 1032.0 1380.0 1108.0 1076.0 1076.0 1198.0 1140.0 1242.0 1068.0 1202.0 1552.0 1524.0 1530.0 1224.0 1176.0 1150.0 942.0 2026.0 422.0 -21.0 -89.0 -1291.0 -1801.0 -2199.0 -2967.0 -3397.0 -3797.0 -4091.0 -4251.0 -4379.0 -4529.0 -4577.0 -4615.0 -4681.0 -4771.0 -4757.0 -4831.0 -4901.0 -4933.0 -5039.0 -5055.0 -5019.0 -5071.0 -5021.0 -4983.0 -4583.0 -4007.0 -3003.0 -2145.0 -509.0 -41.0 -61.0 -49.0 -51.0 -1563.0 -2399.0 -3749.0 -4043.0 -4087.0 -4139.0 -4131.0 -3665.0 -3933.0
634.0 652.0 922.0 810.0 838.0 764.0 764.0 1438.0 1070.0 1056.0 1154.0 1114.0 1136.0 1264.0 1224.0 1176.0 1424.0 1296.0 1218.0 1462.0 1292.0 1434.0 820.0 454.0 306.0 -523.0 2.0 -1577.0 -1989.0 -2595.0 -3127.0 -3479.0 -3799.0 -4035.0 -4191.0 -4307.0 -4445.0 -4501.0 -4581.0 -4623.0 -4671.0 -4731.0 -4833.0 -4851.0 -4801.0 -4927.0 -4941.0 -4957.0 -4869.0 -4857.0 -4747.0 -4665.0 -3475.0 -31.0 -3227.0 -3245.0 -2965.0 -2353.0 -41.0 -39.0 -57.0 -1505.0 -2697.0 -3777.0 -4055.0 -4141.0 -4069.0 -4071.0 -3921.0
610.0 610.0 658.0 782.0 1288.0 900.0 764.0 1338.0 1374.0 1018.0 1044.0 1082.0 1122.0 1268.0 1292.0 1328.0 1318.0 866.0 1216.0 1210.0 1598.0 764.0 568.0 426.0 54.0 -7.0 -1121.0 -1669.0 -2091.0 -2779.0 -3175.0 -3499.0 -3829.0 -3975.0 -4149.0 -4333.0 -4421.0 -4479.0 -4521.0 -4535.0 -4589.0 -4667.0 -4773.0 -3837.0 -4989.0 -4187.0 -4107.0 -4985.0 -5049.0 -5167.0 -4723.0 -4353.0 -4737.0 -55.0 -2321.0 -3491.0 -3549.0 -2213.0 -3211.0 -693.0 -643.0 -1251.0 -1441.0 -2395.0 -3893.0 -3997.0 -4083.0 -4077.0 -4033.0
610.0 610.0 608.0 812.0 848.0 1006.0 1046.0 1240.0 1258.0 1232.0 1176.0 1150.0 1124.0 1246.0 1674.0 1286.0 1182.0 810.0 1212.0 916.0 1192.0 726.0 346.0 188.0 28.0 6.0 -967.0 -1715.0 -2041.0 -2801.0 -3161.0 -3487.0 -3739.0 -4019.0 -4179.0 -4287.0 -4355.0 -4399.0 -4579.0 -4539.0 -4477.0 -4649.0 -4619.0 -4659.0 -4801.0 -3823.0 -3853.0 -4715.0 -4843.0 -4631.0 -5145.0 -4745.0 -1475.0 -2719.0 -3709.0 -3547.0 -3597.0 -2621.0 -3377.0 -163.0 -2611.0 -1415.0 -1113.0 -1495.0 -2795.0 -3901.0 -4001.0 -4157.0 -4037.0
614.0 608.0 610.0 764.0 1096.0 1462.0 758.0 758.0 1052.0 1068.0 1534.0 1152.0 1284.0 1224.0 1360.0 1226.0 1160.0 996.0 914.0 1366.0 924.0 518.0 440.0 180.0 90.0 -1.0 -471.0 -1309.0 -2057.0 -2687.0 -3123.0 -3505.0 -3723.0 -3935.0 -4111.0 -4201.0 -4329.0 -4379.0 -4551.0 -4499.0 -4559.0 -4329.0 -4631.0 -4563.0 -4467.0 -2941.0 -3695.0 -4353.0 -4517.0 -4587.0 -4311.0 -4537.0 -1279.0 -3773.0 -3835.0 -3785.0 -3897.0 -3445.0 -3525.0 -2469.0 -2745.0 -2253.0 -1509.0 -1329.0 -2615.0 -3627.0 -3839.0 -3901.0 -3979.0
914.0 614.0 610.0 794.0 1050.0 1628.0 1990.0 764.0 1046.0 1522.0 1032.0 992.0 1210.0 1296.0 1454.0 1238.0 1130.0 830.0 948.0 1276.0 1242.0 604.0 1012.0 122.0 302.0 40.0 -333.0 -1129.0 -2179.0 -2671.0 -3169.0 -3533.0 -3795.0 -3971.0 -4059.0 -4183.0 -4303.0 -4367.0 -3767.0 -4067.0 -4507.0 -4023.0 -4679.0 -4565.0 -4419.0 -3567.0 -3221.0 -4429.0 -4303.0 -4473.0 -4681.0 -4089.0 -761.0 -3963.0 -3997.0 -3771.0 -3985.0 -3745.0 -3595.0 -371.0 -1443.0 -3007.0 -2977.0 -1613.0 -1531.0 -2343.0 -3409.0 -3663.0 -3891.0
726.0 724.0 830.0 776.0 1030.0 1526.0 2134.0 832.0 762.0 1706.0 882.0 1184.0 1368.0 1384.0 1474.0 1344.0 946.0 1582.0 1744.0 1534.0 1524.0 620.0 292.0 72.0 100.0 18.0 -1.0 -1485.0 -2433.0 -2911.0 -3263.0 -3563.0 -3771.0 -3979.0 -4161.0 -4105.0 -4243.0 -4303.0 -4281.0 -4297.0 -3721.0 -2693.0 -1719.0 -4593.0 -4583.0 -4475.0 -4117.0 -3995.0 -4549.0 -4409.0 -4323.0 -3935.0 -2423.0 -4091.0 -3879.0 -3883.0 -3633.0 -3839.0 -3433.0 -2655.0 -3555.0 -1997.0 -3095.0 -2517.0 -1719.0 -1713.0 -2213.0 -3135.0 -3523.0
564.0 894.0 1540.0 972.0 1060.0 1368.0 1022.0 1206.0 764.0 1258.0 1742.0 1154.0 814.0 1140.0 1368.0 1108.0 1282.0 1712.0 1822.0 260.0 268.0 284.0 200.0 156.0 454.0 4.0 -479.0 -1557.0 -2501.0 -2935.0 -3203.0 -3475.0 -3733.0 -3921.0 -3927.0 -4057.0 -4133.0 -4241.0 -4229.0 -2181.0 -2151.0 -2891.0 -4305.0 -4535.0 -4719.0 -4781.0 -4135.0 -4065.0 -4035.0 -4619.0 -4509.0 -4319.0 -5113.0 -3569.0 -4051.0 -4103.0 -3891.0 -3977.0 -3609.0 -3181.0 -3563.0 -3313.0 -3295.0 -2863.0 -2391.0 -1305.0 -1107.0 -131.0 -2727.0
620.0 1448.0 1380.0 1010.0 920.0 1292.0 922.0 1220.0 1438.0 1282.0 1538.0 1152.0 1132.0 1304.0 1204.0 1152.0 1332.0 1248.0 586.0 238.0 844.0 318.0 414.0 334.0 158.0 20.0 -1499.0 -2119.0 -2715.0 -2917.0 -3357.0 -3437.0 -3667.0 -3767.0 -3879.0 -3981.0 -4049.0 -4181.0 -4239.0 -4255.0 -2961.0 -815.0 -4469.0 -4483.0 -4247.0 -4147.0 -4223.0 -4047.0 -3015.0 -3119.0 -1425.0 -4095.0 -4495.0 -2479.0 -3623.0 -4067.0 -3991.0 -4085.0 -3383.0 -3469.0 -3755.0 -3527.0 -3159.0 -2397.0 -2387.0 -1253.0 -635.0 -35.0 -2163.0
1072.0 954.0 1596.0 958.0 920.0 996.0 1228.0 1210.0 1282.0 1524.0 1528.0 1412.0 1284.0 1648.0 1484.0 1282.0 1906.0 970.0 394.0 916.0 590.0 300.0 474.0 292.0 294.0 282.0 -783.0 -2657.0 -3035.0 -3015.0 -3109.0 -3185.0 -3497.0 -3671.0 -3823.0 -3893.0 -3967.0 -4019.0 -4145.0 -2633.0 -3951.0 -4415.0 -4093.0 -4467.0 -4277.0 -4509.0 -4313.0 -2721.0 -1349.0 -2473.0 -2619.0 -4103.0 -4417.0 -4701.0 -3099.0 -3785.0 -4059.0 -4001.0 -3211.0 -3513.0 -3865.0 -3885.0 -3825.0 -3241.0 -2495.0 -2247.0 -877.0 -21.0 -1835.0
976.0 844.0 1526.0 952.0 938.0 1238.0 1266.0 1394.0 1490.0 1454.0 1260.0 1278.0 1354.0 1328.0 750.0 472.0 1970.0 964.0 588.0 578.0 614.0 532.0 614.0 368.0 308.0 172.0 -31.0 -1485.0 -2843.0 -2745.0 -2497.0 -3051.0 -3229.0 -3575.0 -3687.0 -3735.0 -3795.0 -3879.0 -3979.0 -4019.0 -3871.0 -4117.0 -2701.0 -4443.0 -4451.0 -4603.0 -3837.0 -2583.0 -2527.0 -211.0 -3899.0 -4107.0 -4473.0 -4707.0 -4495.0 -4097.0 -4157.0 -3795.0 -3541.0 -2761.0 -3795.0 -3969.0 -4013.0 -3487.0 -2833.0 -2239.0 -121.0 -1069.0 -661.0
1014.0 888.0 1654.0 1010.0 1044.0 1272.0 1450.0 1314.0 1524.0 1236.0 1242.0 1346.0 1344.0 1878.0 1230.0 472.0 984.0 870.0 920.0 770.0 826.0 916.0 630.0 332.0 580.0 390.0 166.0 2.0 -1387.0 -2767.0 -2131.0 -2751.0 -3087.0 -3363.0 -3519.0 -3657.0 -3673.0 -3853.0 -3871.0 -3943.0 -4035.0 -4125.0 -3897.0 -4431.0 -4527.0 -4717.0 -2893.0 -2769.0 -1945.0 -1379.0 -4125.0 -4627.0 -4201.0 -4701.0 -4805.0 -4221.0 -4453.0 -3999.0 -3883.0 -3245.0 -3297.0 -3997.0 -4077.0 -3643.0 -2889.0 -2725.0 -2055.0 -81.0 -81.0
1152.0 1106.0 1100.0 1088.0 1156.0 1222.0 1166.0 1212.0 1254.0 1208.0 1322.0 1290.0 1074.0 1206.0 1914.0 472.0 1212.0 952.0 1086.0 854.0 916.0 672.0 538.0 384.0 382.0 582.0 240.0 12.0 -547.0 -2319.0 -2015.0 -2617.0 -3115.0 -3407.0 -3307.0 -3407.0 -3485.0 -3531.0 -3569.0 -3949.0 -3431.0 -3889.0 -4207.0 -4037.0 -4015.0 -4079.0 -4047.0 -2673.0 -3589.0 -4195.0 -4301.0 -4455.0 -4591.0 -4679.0 -4791.0 -4659.0 -4469.0 -4123.0 -3781.0 -4171.0 -3827.0 -4275.0 -4069.0 -3941.0 -3619.0 -3125.0 -2639.0 -27.0 -101.0
1198.0 1310.0 1236.0 1182.0 1176.0 1202.0 1158.0 1176.0 1176.0 1316.0 1448.0 1282.0 1044.0 986.0 1280.0 472.0 472.0 702.0 620.0 662.0 606.0 614.0 460.0 200.0 130.0 166.0 290.0 20.0 -289.0 -2287.0 -2023.0 -2697.0 -3247.0 -2147.0 -3149.0 -3371.0 -3395.0 -3433.0 -3511.0 -3657.0 -3723.0 -3019.0 -3751.0 -3881.0 -3361.0 -3533.0 -2981.0 -2917.0 -4075.0 -4573.0 -4437.0 -4825.0 -4819.0 -4573.0 -4807.0 -4483.0 -4425.0 -4545.0 -4191.0 -4507.0 -3977.0 -4225.0 -4191.0 -4099.0 -3581.0 -3179.0 -3123.0 -3605.0 -105.0
1262.0 1350.0 1200.0 1160.0 1284.0 1114.0 1166.0 1182.0 1268.0 1338.0 1238.0 1062.0 922.0 1112.0 1638.0 478.0 472.0 660.0 652.0 476.0 582.0 448.0 420.0 218.0 376.0 320.0 596.0 32.0 -303.0 -2267.0 -2075.0 -2793.0 -3099.0 118.0 -2687.0 -3301.0 -3399.0 -3373.0 -3489.0 -3763.0 -3573.0 -3143.0 -3679.0 -3411.0 -2471.0 -881.0 -2795.0 -3569.0 -4065.0 -4259.0 -4343.0 -4503.0 -4669.0 -4669.0 -4639.0 -4489.0 -4373.0 -4391.0 -3823.0 -4191.0 -4003.0 -4335.0 -4259.0 -4159.0 -4165.0 -3571.0 -3369.0 -2915.0 -1375.0
1346.0 1302.0 1332.0 1362.0 1162.0 1186.0 1160.0 1168.0 1332.0 1552.0 740.0 716.0 946.0 1176.0 1450.0 472.0 708.0 782.0 838.0 812.0 606.0 526.0 372.0 292.0 464.0 312.0 300.0 130.0 -629.0 -1839.0 -2575.0 -3055.0 -3373.0 -3195.0 -45.0 -457.0 -2825.0 -3135.0 -3449.0 -2881.0 -703.0 -3483.0 -111.0 -957.0 -79.0 144.0 -1661.0 -3575.0 -3979.0 -4299.0 -4443.0 -4519.0 -4665.0 -4145.0 -4745.0 -4615.0 -4629.0 -3993.0 -4451.0 -4309.0 -4263.0 -4285.0 -4303.0 -4269.0 -4145.0 -4137.0 -3255.0 -2925.0 -2279.0
1266.0 1266.0 1278.0 1206.0 1262.0 1222.0 1228.0 1244.0 1470.0 1246.0 618.0 696.0 1088.0 1146.0 892.0 474.0 472.0 1498.0 1544.0 772.0 480.0 456.0 450.0 396.0 408.0 350.0 332.0 82.0 -939.0 -2463.0 -2707.0 -3287.0 -3475.0 -3519.0 -2875.0 -3759.0 -2923.0 -19.0 -3479.0 -3595.0 -3429.0 -3365.0 -169.0 -195.0 -17.0 440.0 -19.0 -1593.0 -3889.0 -4027.0 -4215.0 -4523.0 -4661.0 -4631.0 -4653.0 -4653.0 -4541.0 -4493.0 -4167.0 -4323.0 -4379.0 -4367.0 -4321.0 -4269.0 -4143.0 -3865.0 -3915.0 -3409.0 -411.0
1192.0 1190.0 1144.0 1162.0 1262.0 1256.0 1338.0 1488.0 1354.0 590.0 604.0 784.0 990.0 1138.0 1082.0 514.0 472.0 1308.0 1002.0 606.0 606.0 570.0 586.0 508.0 612.0 398.0 292.0 154.0 -1379.0 -2169.0 -2815.0 -3139.0 -3359.0 -3505.0 -3531.0 -3555.0 -3351.0 -2945.0 -3551.0 -3549.0 -3377.0 -3157.0 -2267.0 -3.0 -35.0 140.0 290.0 -1931.0 -3821.0 -4061.0 -4259.0 -4549.0 -4807.0 -4745.0 -4491.0 -4521.0 -4565.0 -4297.0 -4341.0 -4345.0 -4393.0 -4345.0 -4259.0 -4125.0 -4059.0 -4049.0 -3825.0 -3071.0 -361.0
1312.0 1168.0 1218.0 1206.0 1218.0 1226.0 1424.0 1060.0 734.0 550.0 840.0 950.0 1426.0 1130.0 1222.0 694.0 472.0 1168.0 868.0 616.0 916.0 774.0 734.0 498.0 440.0 324.0 270.0 258.0 -1425.0 -1621.0 -2633.0 -3099.0 -3293.0 -3475.0 -3515.0 -3629.0 -3523.0 -3549.0 -3421.0 -3339.0 -2993.0 -2457.0 -37.0 -43.0 778.0 456.0 242.0 -959.0 -3457.0 -3825.0 -4227.0 -4493.0 -4661.0 -4759.0 -4313.0 -4633.0 -4457.0 -4487.0 -4307.0 -4475.0 -4289.0 -4119.0 -4177.0 -4321.0 -3979.0 -3945.0 -3843.0 -2623.0 -71.0
1220.0 1126.0 1118.0 1180.0 1182.0 1142.0 1270.0 598.0 646.0 922.0 1090.0 992.0 1184.0 1220.0 1214.0 1570.0 472.0 488.0 740.0 722.0 706.0 532.0 456.0 422.0 364.0 358.0 284.0 94.0 2.0 -2705.0 -2381.0 -3003.0 -3361.0 -3439.0 -3499.0 -3515.0 -3519.0 -3429.0 -3289.0 -2941.0 -2353.0 -1489.0 -7.0 154.0 1516.0 1192.0 764.0 -183.0 -3085.0 -3893.0 -4267.0 -4463.0 -4757.0 -4717.0 -4643.0 -4373.0 -4523.0 -4351.0 -4313.0 -4161.0 -4307.0 -3999.0 -4171.0 -4203.0 -4031.0 -4009.0 -3927.0 -51.0 -47.0
1234.0 1270.0 1152.0 1130.0 1058.0 540.0 468.0 824.0 916.0 926.0 998.0 734.0 532.0 740.0 1210.0 1104.0 1192.0 468.0 670.0 810.0 518.0 700.0 652.0 604.0 498.0 426.0 288.0 260.0 84.0 -2729.0 -2635.0 -2975.0 -3301.0 -3417.0 -3443.0 -3585.0 -3455.0 -3229.0 -2987.0 -2471.0 -1357.0 -13.0 162.0 152.0 1396.0 1108.0 884.0 -7.0 -2795.0 -3667.0 -4053.0 -4401.0 -4631.0 -4801.0 -4377.0 -4329.0 -4547.0 -4155.0 -4153.0 -4247.0 -3735.0 -4297.0 -4319.0 -4215.0 -4085.0 -3961.0 -3855.0 -51.0 -51.0
1060.0 1064.0 1022.0 1172.0 1138.0 1184.0 1054.0 392.0 968.0 852.0 792.0 688.0 438.0 572.0 1192.0 1114.0 766.0 652.0 614.0 962.0 828.0 916.0 618.0 578.0 458.0 292.0 180.0 88.0 -269.0 -2615.0 -2525.0 -3159.0 -3257.0 -3401.0 -3277.0 -3177.0 -3407.0 -2971.0 -2083.0 -1073.0 -7.0 98.0 114.0 324.0 924.0 942.0 302.0 274.0 -2269.0 -3793.0 -4085.0 -4321.0 -4607.0 -4623.0 -4613.0 -4523.0 -4459.0 -4367.0 -4105.0 -4423.0 -4299.0 -4279.0 -4195.0 -3855.0 -3975.0 -4035.0 -2751.0 -461.0 -47.0
1000.0 982.0 984.0 1154.0 1024.0 370.0 518.0 1020.0 364.0 318.0 320.0 336.0 346.0 306.0 320.0 576.0 282.0 848.0 840.0 728.0 618.0 694.0 532.0 470.0 262.0 144.0 112.0 12.0 -1145.0 -2493.0 -2089.0 -2951.0 -3223.0 -3277.0 -2459.0 -35.0 -29.0 -21.0 -5.0 10.0 100.0 118.0 114.0 502.0 654.0 770.0 -87.0 130.0 -2719.0 -3913.0 -4307.0 -4435.0 -4773.0 -4603.0 -4597.0 -4705.0 -4409.0 -4515.0 -4439.0 -4279.0 -4513.0 -4287.0 -4171.0 -4103.0 -3831.0 -2771.0 -25.0 -199.0 -107.0
1126.0 1044.0 1092.0 1092.0 418.0 1032.0 1042.0 542.0 448.0 354.0 476.0 586.0 342.0 368.0 152.0 262.0 120.0 542.0 652.0 492.0 400.0 324.0 270.0 282.0 194.0 66.0 12.0 -727.0 -2011.0 -2501.0 -2095.0 -2729.0 -2889.0 -1733.0 -75.0 -25.0 10.0 66.0 60.0 66.0 96.0 134.0 306.0 1218.0 1194.0 942.0 300.0 -125.0 -3413.0 -4155.0 -4463.0 -4669.0 -4727.0 -4449.0 -4633.0 -4817.0 -4685.0 -4667.0 -4097.0 -4543.0 -4465.0 -4207.0 -4147.0 -3413.0 -2397.0 -57.0 -51.0 -353.0 -1021.0
1344.0 1216.0 612.0 476.0 476.0 928.0 1226.0 1154.0 1296.0 1076.0 918.0 616.0 898.0 248.0 324.0 116.0 104.0 82.0 220.0 406.0 202.0 132.0 108.0 68.0 44.0 16.0 -139.0 -1437.0 -2171.0 -2611.0 -2419.0 -2173.0 -2341.0 -499.0 -23.0 -9.0 94.0 216.0 258.0 290.0 16.0 300.0 1054.0 744.0 1116.0 594.0 -41.0 -163.0 -3813.0 -4445.0 -4527.0 -4791.0 -4687.0 -4589.0 -4633.0 -4677.0 -4777.0 -4363.0 -4637.0 -4321.0 -4369.0 -4229.0 -4049.0 -3397.0 -2845.0 -47.0 -69.0 -651.0 -3809.0
1274.0 902.0 524.0 594.0 720.0 840.0 1116.0 1120.0 1494.0 1050.0 982.0 860.0 742.0 666.0 530.0 232.0 156.0 48.0 308.0 158.0 148.0 90.0 10.0 6.0 -21.0 -1179.0 -1755.0 -1927.0 -2387.0 -2745.0 -2045.0 -2187.0 -1659.0 -83.0 -19.0 50.0 262.0 354.0 570.0 470.0 336.0 548.0 676.0 920.0 1128.0 134.0 -127.0 -2293.0 -4231.0 -4577.0 -4761.0 -4803.0 -4705.0 -4675.0 -4757.0 -4717.0 -4551.0 -4291.0 -4521.0 -4535.0 -4311.0 -4283.0 -4133.0 -3083.0 -433.0 -315.0 -975.0 -1255.0 -3101.0
1158.0 544.0 958.0 760.0 742.0 860.0 920.0 1294.0 1368.0 1434.0 1324.0 998.0 1356.0 660.0 580.0 402.0 204.0 40.0 98.0 32.0 6.0 8.0 -51.0 -1133.0 -1565.0 -2227.0 -2277.0 -2391.0 -2415.0 -2701.0 -2013.0 -2067.0 -1865.0 -623.0 -21.0 64.0 230.0 342.0 690.0 636.0 834.0 802.0 1124.0 720.0 732.0 484.0 -323.0 -3177.0 -4207.0 -4753.0 -4781.0 -4901.0 -4813.0 -4825.0 -4657.0 -4769.0 -4607.0 -4561.0 -4511.0 -4379.0 -4289.0 -4267.0 -4031.0 -4005.0 -3079.0 -293.0 -1445.0 -3785.0 -3815.0
616.0 908.0 1054.0 910.0 1088.0 908.0 1078.0 1192.0 1258.0 1504.0 1528.0 1336.0 1804.0 644.0 520.0 326.0 62.0 282.0 14.0 6.0 4.0 -33.0 -1265.0 -1807.0 -2195.0 -2411.0 -2347.0 -2483.0 -2655.0 -2503.0 -1327.0 -2055.0 -2139.0 -1583.0 -11.0 32.0 660.0 452.0 838.0 884.0 1370.0 1546.0 1116.0 914.0 834.0 22.0 -1993.0 -3831.0 -4533.0 -4629.0 -4805.0 -4883.0 -4919.0 -4883.0 -4813.0 -4735.0 -4497.0 -4709.0 -4637.0 -4257.0 -4251.0 -3517.0 -3561.0 -2399.0 -3259.0 -2763.0 -4049.0 -4049.0 -4059.0
