ascfiles/3_Altitude.asc
ncols 721
nrows 361
xllcorner -180.0
yllcorner -90.0
cellsize 0.5
NODATA_value -9999
[rows 93 to 123 of 361, columns 345 to 413 of 721]
444.0 612.0 896.0 958.0 340.0 750.0 1022.0 258.0 662.0 254.0 160.0 114.0 390.0 212.0 206.0 332.0 332.0 338.0 262.0 288.0 108.0 46.0 22.0 -59.0 -59.0 -77.0 -61.0 382.0 378.0 -169.0 -2227.0 -2491.0 -2577.0 -2325.0 -1273.0 -389.0 -101.0 434.0 186.0 284.0 626.0 432.0 286.0 42.0 -79.0 -107.0 -203.0 -143.0 -57.0 8.0 640.0 388.0 1008.0 2012.0 1364.0 924.0 978.0 850.0 506.0 280.0 406.0 1116.0 458.0 282.0 216.0 178.0 156.0 184.0 316.0
606.0 784.0 1000.0 1286.0 1148.0 1066.0 1150.0 980.0 968.0 722.0 690.0 890.0 510.0 560.0 850.0 2238.0 2446.0 1684.0 1392.0 998.0 1214.0 206.0 -67.0 -111.0 -433.0 -799.0 -1957.0 -2323.0 -2517.0 -2575.0 -2687.0 -2741.0 -2703.0 -1487.0 -65.0 -563.0 62.0 -77.0 94.0 462.0 264.0 336.0 1350.0 274.0 -75.0 -191.0 -145.0 -165.0 -157.0 -39.0 -117.0 -5.0 484.0 946.0 1816.0 1370.0 2310.0 678.0 738.0 650.0 1466.0 1150.0 550.0 858.0 1506.0 1386.0 1334.0 962.0 584.0
434.0 1136.0 1450.0 1328.0 760.0 776.0 834.0 756.0 878.0 1774.0 846.0 1182.0 256.0 460.0 406.0 1030.0 574.0 742.0 1528.0 1312.0 992.0 574.0 66.0 -675.0 -1785.0 -2057.0 -2253.0 -2439.0 -2579.0 -2669.0 -2769.0 -2765.0 -2685.0 464.0 410.0 -629.0 -269.0 -491.0 -107.0 70.0 290.0 318.0 1218.0 770.0 338.0 -41.0 -115.0 -103.0 -127.0 -243.0 -941.0 -1153.0 -757.0 -117.0 2.0 1072.0 544.0 398.0 582.0 612.0 1100.0 530.0 1652.0 1342.0 234.0 176.0 176.0 150.0 190.0
886.0 670.0 710.0 764.0 678.0 692.0 768.0 790.0 826.0 960.0 1134.0 1112.0 1072.0 294.0 308.0 314.0 290.0 218.0 420.0 388.0 430.0 136.0 -147.0 -2319.0 -2557.0 -2533.0 -2361.0 -2493.0 -2615.0 -2703.0 -2769.0 -2777.0 -2115.0 206.0 482.0 -885.0 -1141.0 -1557.0 -803.0 -653.0 2.0 720.0 530.0 1608.0 1074.0 276.0 150.0 892.0 -11.0 -121.0 -953.0 -1179.0 -1143.0 -179.0 -77.0 386.0 798.0 1690.0 862.0 262.0 490.0 850.0 634.0 1428.0 1580.0 1582.0 572.0 262.0 116.0
280.0 826.0 640.0 700.0 850.0 774.0 744.0 826.0 974.0 1394.0 1114.0 928.0 836.0 932.0 518.0 188.0 148.0 502.0 198.0 80.0 -281.0 -1065.0 -1875.0 -2419.0 -2617.0 -2629.0 -2585.0 -2603.0 -2661.0 -2753.0 -2877.0 -2827.0 -1943.0 -503.0 4.0 -235.0 -1281.0 -1791.0 -1339.0 -1599.0 -1109.0 -105.0 -43.0 8.0 668.0 390.0 654.0 148.0 102.0 -77.0 -155.0 -1011.0 -1069.0 -411.0 -89.0 284.0 432.0 786.0 604.0 954.0 798.0 180.0 28.0 740.0 720.0 720.0 856.0 630.0 198.0
652.0 582.0 630.0 772.0 986.0 916.0 1112.0 1126.0 982.0 764.0 1036.0 1130.0 1218.0 1238.0 1380.0 802.0 1136.0 4.0 -109.0 -1429.0 -1641.0 -1977.0 -2221.0 -2411.0 -2619.0 -2751.0 -2719.0 -2753.0 -2737.0 -2823.0 -2905.0 -2679.0 140.0 474.0 346.0 -79.0 -701.0 -2393.0 -2793.0 -1919.0 -2299.0 -2711.0 -853.0 -361.0 -175.0 506.0 334.0 1002.0 412.0 452.0 442.0 -19.0 -131.0 -831.0 -75.0 26.0 558.0 798.0 1700.0 628.0 4.0 108.0 388.0 -37.0 -85.0 24.0 -73.0 -35.0 270.0
914.0 474.0 1060.0 474.0 1334.0 2146.0 422.0 434.0 666.0 710.0 808.0 1066.0 1310.0 1142.0 1044.0 1050.0 72.0 -71.0 -227.0 -1689.0 -1783.0 -1785.0 -1589.0 -521.0 -1865.0 -2771.0 -2847.0 -2853.0 -2893.0 -2903.0 -2907.0 -1669.0 -109.0 542.0 484.0 -479.0 -1915.0 -2173.0 -2879.0 -2175.0 -2543.0 -3597.0 -2755.0 -1481.0 -851.0 -109.0 452.0 860.0 334.0 -5.0 -701.0 -25.0 74.0 -733.0 -907.0 376.0 956.0 1218.0 768.0 630.0 1024.0 -57.0 -7.0 -43.0 270.0 -803.0 -1539.0 -255.0 -29.0
346.0 242.0 234.0 230.0 292.0 338.0 630.0 672.0 666.0 700.0 848.0 908.0 1004.0 852.0 626.0 62.0 -97.0 -147.0 -1457.0 -1431.0 -365.0 944.0 -5.0 -141.0 -327.0 -2639.0 -2821.0 -2867.0 -2875.0 -2905.0 -2853.0 -1863.0 -91.0 556.0 456.0 -355.0 -1857.0 -2623.0 -2793.0 -3243.0 -3517.0 -3579.0 -3363.0 -2539.0 -2113.0 -1481.0 -925.0 -199.0 88.0 -449.0 -1111.0 -1011.0 -75.0 -523.0 -1161.0 82.0 404.0 476.0 1300.0 560.0 282.0 880.0 -177.0 -473.0 -721.0 -275.0 -79.0 -89.0 182.0
220.0 586.0 340.0 468.0 310.0 400.0 534.0 604.0 722.0 644.0 716.0 738.0 696.0 734.0 488.0 -5.0 -801.0 -1313.0 -667.0 -453.0 -619.0 -89.0 -473.0 -1843.0 -1817.0 -2161.0 -2843.0 -2855.0 -2879.0 -2855.0 -2863.0 -761.0 -101.0 146.0 50.0 -1025.0 -1901.0 -2663.0 -2819.0 -3227.0 -3221.0 -3293.0 -3557.0 -3509.0 -3323.0 -3351.0 -1997.0 -679.0 578.0 902.0 -937.0 -1817.0 -2599.0 -1025.0 -929.0 -1405.0 -79.0 390.0 1114.0 772.0 134.0 70.0 214.0 -1159.0 -407.0 -653.0 -151.0 -201.0 94.0
314.0 158.0 272.0 236.0 542.0 528.0 462.0 646.0 650.0 792.0 970.0 990.0 870.0 810.0 858.0 898.0 -29.0 -849.0 -101.0 -373.0 -967.0 -1605.0 -2553.0 -2455.0 -2213.0 -2687.0 -2819.0 -2843.0 -2841.0 -2841.0 -2853.0 -2329.0 -249.0 -155.0 -681.0 -1275.0 -2187.0 -2123.0 -1379.0 -1931.0 -1945.0 -2079.0 -1565.0 -2507.0 -2797.0 -2521.0 -959.0 -519.0 84.0 -775.0 -1645.0 -1825.0 -2701.0 -2615.0 -1613.0 -1539.0 -2155.0 -51.0 562.0 966.0 1394.0 416.0 -275.0 -89.0 -441.0 -463.0 -337.0 -189.0 -277.0
342.0 202.0 386.0 560.0 562.0 566.0 692.0 692.0 576.0 542.0 1110.0 1006.0 326.0 936.0 84.0 -71.0 -321.0 -913.0 -1489.0 -1623.0 -2235.0 -2741.0 -2817.0 -2749.0 -2729.0 -2741.0 -2839.0 -2885.0 -2863.0 -2857.0 -2841.0 -2823.0 -2609.0 -2287.0 -1767.0 -791.0 -407.0 -553.0 -1159.0 -1003.0 -1189.0 -887.0 -279.0 -1357.0 -1535.0 -967.0 -5.0 334.0 56.0 -1231.0 -1815.0 -2519.0 -2707.0 -3407.0 -3373.0 -2945.0 -2537.0 -267.0 -43.0 116.0 -657.0 -247.0 284.0 190.0 8.0 -431.0 -647.0 -413.0 -29.0
164.0 224.0 208.0 310.0 262.0 90.0 192.0 266.0 416.0 622.0 954.0 1176.0 484.0 176.0 -5.0 -375.0 -1943.0 -2745.0 -2773.0 -2785.0 -2779.0 -2829.0 -2801.0 -2801.0 -2811.0 -2799.0 -2821.0 -2835.0 -2837.0 -2841.0 -2845.0 -2865.0 -2725.0 -1609.0 -405.0 -605.0 -397.0 -49.0 -519.0 -413.0 -201.0 112.0 562.0 694.0 1026.0 690.0 -219.0 -1831.0 -1675.0 -2025.0 -2195.0 -3145.0 -2915.0 -3339.0 -3185.0 -3441.0 -1935.0 472.0 -55.0 764.0 1024.0 244.0 -117.0 -99.0 -165.0 -249.0 -377.0 -735.0 -1193.0
390.0 46.0 80.0 20.0 56.0 170.0 386.0 410.0 566.0 1164.0 1804.0 1028.0 -23.0 -1859.0 -2409.0 -2699.0 -2731.0 -2757.0 -2765.0 -2785.0 -2789.0 -2773.0 -2811.0 -2675.0 -2693.0 -2777.0 -2657.0 -2639.0 -2633.0 -2391.0 -2317.0 -2305.0 -721.0 -259.0 -27.0 46.0 -73.0 -201.0 -307.0 -191.0 -57.0 -209.0 -193.0 358.0 306.0 578.0 -5.0 -2411.0 -2891.0 -2827.0 -3105.0 -3219.0 -3467.0 -3665.0 -3277.0 -3527.0 -3141.0 -2569.0 -1399.0 376.0 566.0 1044.0 -121.0 -479.0 -495.0 -225.0 -95.0 -239.0 -595.0
-625.0 -495.0 -57.0 42.0 176.0 720.0 248.0 350.0 144.0 84.0 58.0 -49.0 -1137.0 -2569.0 -2719.0 -2705.0 -2665.0 -2523.0 -2657.0 -2535.0 -1535.0 -81.0 12.0 24.0 184.0 400.0 -719.0 394.0 34.0 368.0 72.0 8.0 76.0 420.0 258.0 20.0 10.0 156.0 -95.0 -453.0 -1253.0 -475.0 -641.0 -731.0 -641.0 158.0 -117.0 -2929.0 -3287.0 -3437.0 -3475.0 -3461.0 -3695.0 -3757.0 -3435.0 -3191.0 -2903.0 -3433.0 -3045.0 -5.0 -391.0 -297.0 -677.0 -607.0 -239.0 -221.0 -15.0 -367.0 -107.0
-971.0 -873.0 -603.0 -25.0 36.0 -57.0 -867.0 -933.0 -683.0 -879.0 -1643.0 -1599.0 -1961.0 -2553.0 -2653.0 -2673.0 -517.0 608.0 180.0 168.0 278.0 878.0 718.0 732.0 516.0 708.0 1018.0 1134.0 782.0 650.0 912.0 802.0 686.0 510.0 344.0 468.0 254.0 -53.0 -103.0 -227.0 -505.0 -919.0 -565.0 -489.0 -507.0 -113.0 -143.0 -3625.0 -3395.0 -3307.0 -3515.0 -3697.0 -4041.0 -3927.0 -3363.0 -3219.0 -3189.0 -2925.0 -3885.0 -3677.0 -1969.0 -1243.0 -1295.0 -821.0 -1079.0 -1035.0 -387.0 -165.0 -563.0
-1561.0 -1199.0 -683.0 -267.0 60.0 -211.0 -835.0 -1521.0 -1463.0 -871.0 -547.0 -589.0 -749.0 -457.0 -25.0 94.0 64.0 200.0 590.0 848.0 886.0 674.0 788.0 590.0 488.0 622.0 1198.0 1330.0 794.0 828.0 862.0 752.0 680.0 780.0 876.0 396.0 18.0 4.0 -67.0 -135.0 -215.0 -285.0 -1481.0 -617.0 -833.0 -109.0 -155.0 -1261.0 -3845.0 -3833.0 -3993.0 -4079.0 -4089.0 -3905.0 -3469.0 -3097.0 -3167.0 -2989.0 -3789.0 -4177.0 -3937.0 -1711.0 -627.0 -553.0 -1041.0 -997.0 -1051.0 -1269.0 -1843.0
-1745.0 -1167.0 -569.0 -67.0 184.0 378.0 -29.0 -217.0 122.0 -61.0 -105.0 -157.0 -121.0 260.0 598.0 758.0 638.0 862.0 968.0 1054.0 770.0 778.0 952.0 768.0 474.0 450.0 394.0 878.0 1690.0 1212.0 1478.0 1096.0 1082.0 672.0 438.0 224.0 76.0 98.0 -25.0 -43.0 -49.0 -81.0 -255.0 -595.0 -619.0 -471.0 -403.0 -399.0 -1629.0 -1887.0 -3747.0 -3825.0 -3573.0 -3947.0 -3471.0 -3167.0 -2979.0 -3005.0 -3405.0 -3295.0 -3497.0 -3749.0 -3371.0 356.0 902.0 1774.0 266.0 -7.0 20.0
-2403.0 -1551.0 -155.0 16.0 250.0 256.0 454.0 1656.0 1552.0 388.0 374.0 826.0 520.0 1270.0 920.0 940.0 1146.0 1064.0 1036.0 1068.0 900.0 908.0 1126.0 1126.0 884.0 602.0 272.0 136.0 76.0 194.0 374.0 904.0 710.0 526.0 458.0 172.0 196.0 12.0 8.0 -23.0 -49.0 -133.0 -217.0 -365.0 -397.0 -395.0 -199.0 -245.0 -751.0 -2311.0 -2859.0 -3497.0 -3779.0 -3703.0 -3597.0 -3051.0 -2851.0 -2661.0 -2463.0 -2859.0 -3167.0 -2859.0 -2803.0 -2941.0 -1223.0 -2543.0 -1147.0 -943.0 -1399.0
-851.0 -423.0 -37.0 64.0 52.0 112.0 150.0 448.0 514.0 390.0 746.0 908.0 1100.0 1278.0 1176.0 1064.0 1018.0 1010.0 1100.0 1202.0 1336.0 1158.0 950.0 858.0 548.0 344.0 210.0 48.0 -51.0 -47.0 92.0 88.0 142.0 324.0 144.0 86.0 -17.0 -27.0 -55.0 -65.0 -97.0 -149.0 -177.0 -291.0 -335.0 -235.0 -321.0 -395.0 -1261.0 -1717.0 -2307.0 -3101.0 -3181.0 -3429.0 -3949.0 -3337.0 -2835.0 -2569.0 -2395.0 -2487.0 -2349.0 -2635.0 -2615.0 -2125.0 -1985.0 -2759.0 -2797.0 -3483.0 -3007.0
-101.0 26.0 158.0 396.0 616.0 896.0 1230.0 1258.0 1376.0 1180.0 1200.0 1086.0 1042.0 1090.0 1072.0 1046.0 1148.0 1226.0 1400.0 1192.0 1010.0 778.0 712.0 716.0 610.0 384.0 248.0 98.0 44.0 68.0 24.0 20.0 20.0 16.0 66.0 112.0 0.0 4.0 -45.0 -51.0 -111.0 -201.0 -305.0 -383.0 -477.0 -517.0 -867.0 -1339.0 -1605.0 -1691.0 -2061.0 -2557.0 -2823.0 -3139.0 -3655.0 -2715.0 -3139.0 -2693.0 -2429.0 -2229.0 -1825.0 -1363.0 -1621.0 -1851.0 -1863.0 -2039.0 -2337.0 -2973.0 -2673.0
212.0 374.0 690.0 704.0 998.0 1870.0 1960.0 1830.0 816.0 1440.0 1298.0 1220.0 1196.0 1184.0 1184.0 1172.0 1236.0 1160.0 1058.0 940.0 860.0 832.0 764.0 658.0 566.0 370.0 270.0 202.0 118.0 106.0 82.0 58.0 38.0 66.0 94.0 206.0 524.0 58.0 -5.0 -21.0 -83.0 -163.0 -203.0 -281.0 -499.0 -691.0 -793.0 -1169.0 -1629.0 -2003.0 -2175.0 -2267.0 -2137.0 -2261.0 -2637.0 -2185.0 -3541.0 -3201.0 -2649.0 -2909.0 -1909.0 -2231.0 -2489.0 -2093.0 -1995.0 -2151.0 -2303.0 -2317.0 -2547.0
372.0 598.0 634.0 678.0 776.0 1764.0 1348.0 1196.0 1376.0 1442.0 1302.0 1412.0 1188.0 1454.0 1256.0 1190.0 868.0 910.0 820.0 762.0 694.0 676.0 742.0 580.0 406.0 306.0 234.0 164.0 148.0 114.0 144.0 120.0 148.0 138.0 188.0 296.0 550.0 128.0 84.0 30.0 14.0 38.0 48.0 28.0 -63.0 -267.0 -663.0 -1065.0 -1323.0 -1811.0 -1925.0 -2017.0 -2049.0 -2029.0 -1307.0 -857.0 -359.0 -567.0 120.0 600.0 578.0 -5.0 -533.0 -1627.0 -2741.0 -2571.0 -2509.0 -2549.0 -2779.0
492.0 362.0 406.0 1548.0 2328.0 2316.0 1514.0 1316.0 1374.0 1020.0 978.0 1032.0 1300.0 948.0 1068.0 914.0 750.0 758.0 700.0 684.0 610.0 600.0 638.0 458.0 328.0 280.0 222.0 168.0 228.0 226.0 140.0 156.0 246.0 278.0 262.0 304.0 466.0 214.0 146.0 112.0 124.0 188.0 296.0 324.0 122.0 110.0 16.0 -83.0 -623.0 -1251.0 -1609.0 -1761.0 -1755.0 -1641.0 -1057.0 -493.0 38.0 356.0 376.0 304.0 260.0 152.0 -5.0 -97.0 -145.0 -445.0 -2313.0 -3101.0 -3171.0
570.0 598.0 1586.0 3496.0 2200.0 1532.0 1106.0 1050.0 1054.0 984.0 718.0 826.0 706.0 764.0 708.0 726.0 574.0 664.0 592.0 500.0 480.0 530.0 556.0 454.0 306.0 208.0 222.0 152.0 176.0 186.0 132.0 146.0 282.0 282.0 304.0 272.0 348.0 486.0 650.0 644.0 620.0 600.0 670.0 348.0 178.0 46.0 6.0 -47.0 -167.0 -663.0 -863.0 -1225.0 -1381.0 -1233.0 -677.0 -57.0 70.0 234.0 144.0 164.0 162.0 150.0 172.0 180.0 188.0 208.0 -269.0 -75.0 -205.0
2100.0 1960.0 2104.0 1498.0 1774.0 1004.0 838.0 746.0 1032.0 916.0 630.0 672.0 678.0 710.0 678.0 628.0 612.0 610.0 528.0 596.0 672.0 512.0 412.0 362.0 276.0 212.0 190.0 222.0 186.0 174.0 158.0 166.0 312.0 304.0 302.0 304.0 410.0 490.0 550.0 564.0 590.0 516.0 426.0 226.0 302.0 184.0 90.0 16.0 -5.0 -17.0 -63.0 -75.0 -401.0 -989.0 -801.0 -119.0 22.0 94.0 106.0 140.0 128.0 114.0 136.0 134.0 178.0 194.0 194.0 208.0 148.0
2122.0 1596.0 1404.0 1018.0 942.0 820.0 646.0 648.0 776.0 762.0 616.0 522.0 606.0 708.0 652.0 596.0 580.0 518.0 582.0 552.0 570.0 428.0 458.0 324.0 282.0 210.0 196.0 234.0 188.0 170.0 226.0 288.0 304.0 304.0 304.0 330.0 392.0 548.0 564.0 630.0 624.0 722.0 432.0 262.0 298.0 200.0 136.0 114.0 128.0 108.0 146.0 112.0 -5.0 -71.0 -535.0 -93.0 18.0 70.0 80.0 72.0 96.0 114.0 128.0 100.0 162.0 170.0 192.0 232.0 214.0
1976.0 1554.0 800.0 1128.0 704.0 760.0 738.0 564.0 708.0 662.0 590.0 512.0 610.0 610.0 580.0 514.0 488.0 508.0 508.0 408.0 476.0 392.0 416.0 332.0 320.0 224.0 340.0 308.0 202.0 222.0 292.0 304.0 304.0 304.0 692.0 298.0 374.0 510.0 580.0 604.0 610.0 658.0 580.0 456.0 376.0 278.0 148.0 246.0 194.0 242.0 206.0 192.0 130.0 10.0 4.0 8.0 34.0 52.0 6.0 54.0 36.0 66.0 88.0 104.0 130.0 134.0 182.0 188.0 204.0
738.0 470.0 484.0 462.0 534.0 600.0 592.0 538.0 564.0 602.0 714.0 420.0 448.0 488.0 464.0 424.0 388.0 428.0 372.0 446.0 510.0 412.0 370.0 308.0 292.0 304.0 304.0 304.0 260.0 258.0 260.0 258.0 350.0 308.0 356.0 438.0 412.0 592.0 624.0 622.0 624.0 618.0 614.0 552.0 414.0 406.0 322.0 268.0 426.0 346.0 276.0 254.0 302.0 156.0 156.0 -51.0 16.0 8.0 -31.0 6.0 54.0 50.0 58.0 40.0 116.0 2.0 132.0 168.0 206.0
364.0 510.0 736.0 690.0 622.0 562.0 592.0 580.0 494.0 508.0 540.0 472.0 412.0 296.0 376.0 328.0 324.0 332.0 346.0 408.0 464.0 522.0 426.0 488.0 594.0 304.0 302.0 304.0 284.0 292.0 296.0 298.0 344.0 370.0 538.0 574.0 610.0 652.0 654.0 650.0 648.0 652.0 614.0 588.0 468.0 416.0 370.0 318.0 474.0 446.0 224.0 242.0 336.0 144.0 10.0 182.0 78.0 64.0 24.0 32.0 90.0 108.0 84.0 72.0 118.0 6.0 68.0 -9.0 164.0
502.0 560.0 590.0 582.0 510.0 458.0 494.0 516.0 464.0 446.0 372.0 372.0 382.0 388.0 322.0 224.0 282.0 394.0 412.0 506.0 602.0 578.0 486.0 472.0 482.0 484.0 496.0 468.0 304.0 312.0 356.0 396.0 492.0 504.0 626.0 682.0 692.0 630.0 586.0 698.0 578.0 608.0 608.0 610.0 594.0 486.0 736.0 560.0 510.0 394.0 270.0 154.0 326.0 148.0 158.0 168.0 166.0 112.0 94.0 42.0 42.0 152.0 152.0 122.0 96.0 102.0 110.0 90.0 130.0
482.0 420.0 430.0 432.0 420.0 426.0 542.0 586.0 418.0 432.0 376.0 324.0 314.0 302.0 280.0 264.0 294.0 374.0 448.0 530.0 638.0 662.0 610.0 552.0 528.0 548.0 442.0 398.0 436.0 440.0 412.0 436.0 480.0 482.0 560.0 636.0 578.0 584.0 594.0 528.0 474.0 526.0 552.0 610.0 594.0 522.0 524.0 526.0 538.0 418.0 364.0 316.0 242.0 242.0 202.0 184.0 230.0 120.0 122.0 92.0 78.0 152.0 152.0 152.0 132.0 126.0 134.0 132.0 144.0
