ascfiles/3_Altitude.asc
ncols 721
nrows 361
xllcorner -180.0
yllcorner -90.0
cellsize 0.5
NODATA_value -9999
[rows 155 to 185 of 361, columns 414 to 482 of 721]
492.0 510.0 514.0 526.0 566.0 570.0 618.0 586.0 562.0 624.0 482.0 400.0 378.0 440.0 456.0 462.0 480.0 508.0 622.0 1816.0 1172.0 1936.0 2570.0 1742.0 2144.0 2730.0 2246.0 692.0 528.0 696.0 562.0 374.0 640.0 222.0 -321.0 -659.0 -871.0 -1087.0 -1163.0 -1575.0 -1887.0 -2005.0 -2273.0 -1877.0 -2191.0 -2309.0 -2379.0 -2331.0 -2107.0 -341.0 -669.0 -129.0 -849.0 -325.0 -37.0 -145.0 -1305.0 -3323.0 -3863.0 -3861.0 -3649.0 -3977.0 -2841.0 -4571.0 -4515.0 -4531.0 -4465.0 -4329.0 -4311.0
460.0 460.0 458.0 526.0 540.0 618.0 700.0 692.0 614.0 712.0 506.0 394.0 372.0 446.0 566.0 482.0 528.0 582.0 710.0 1174.0 1584.0 1838.0 2014.0 3590.0 2824.0 2930.0 1686.0 788.0 708.0 364.0 944.0 224.0 242.0 -157.0 -383.0 -731.0 -1001.0 -1261.0 -1667.0 -1875.0 -1913.0 -1895.0 -2005.0 -2103.0 -1957.0 -1835.0 -1691.0 -1013.0 128.0 36.0 -353.0 -1105.0 -171.0 -251.0 -2017.0 -2815.0 -2061.0 -2417.0 -3783.0 -4139.0 -4011.0 -4085.0 -3371.0 -3851.0 -4371.0 -4477.0 -4443.0 -4367.0 -4403.0
438.0 432.0 434.0 510.0 476.0 580.0 566.0 624.0 688.0 570.0 462.0 392.0 384.0 444.0 590.0 566.0 622.0 1482.0 904.0 1086.0 2146.0 2264.0 1826.0 2408.0 2230.0 2848.0 2220.0 864.0 498.0 360.0 226.0 320.0 648.0 86.0 -151.0 -713.0 -1145.0 -1591.0 -1707.0 -1791.0 -1811.0 -41.0 -601.0 -101.0 20.0 64.0 1758.0 540.0 600.0 -67.0 -1099.0 -2379.0 -1873.0 -2149.0 -3261.0 -3969.0 -2635.0 -2797.0 -3273.0 -4247.0 -3455.0 -3095.0 -4763.0 -3947.0 -4431.0 -4029.0 -4459.0 -4385.0 -4441.0
450.0 446.0 442.0 426.0 434.0 522.0 464.0 492.0 528.0 462.0 412.0 384.0 380.0 398.0 522.0 722.0 774.0 674.0 1512.0 1482.0 2084.0 2078.0 3382.0 2126.0 2548.0 3100.0 2124.0 916.0 768.0 520.0 614.0 742.0 650.0 266.0 16.0 -697.0 -1227.0 -1037.0 236.0 10.0 158.0 1712.0 1476.0 1238.0 926.0 556.0 1242.0 876.0 254.0 -49.0 -967.0 -3167.0 -3463.0 -3865.0 -4165.0 -4265.0 -4007.0 -4071.0 -2045.0 -5185.0 -3049.0 -4675.0 -3191.0 -2497.0 -3459.0 -4333.0 -4203.0 -4625.0 -4571.0
452.0 456.0 436.0 406.0 398.0 400.0 418.0 408.0 538.0 408.0 386.0 388.0 382.0 414.0 490.0 634.0 1236.0 786.0 1112.0 1566.0 1408.0 1432.0 2198.0 2370.0 2362.0 2362.0 3200.0 836.0 660.0 794.0 654.0 742.0 1164.0 1296.0 404.0 174.0 194.0 318.0 384.0 628.0 450.0 1616.0 1188.0 1100.0 1058.0 840.0 410.0 310.0 304.0 -79.0 -743.0 -3045.0 -4181.0 -4297.0 -4291.0 -4445.0 -4487.0 -3745.0 -2993.0 -1753.0 -4653.0 -3661.0 -1613.0 -3715.0 -3873.0 -3733.0 -4185.0 -4357.0 -4509.0
464.0 458.0 452.0 400.0 390.0 372.0 388.0 384.0 398.0 370.0 314.0 306.0 380.0 396.0 464.0 644.0 1438.0 1624.0 876.0 2002.0 1518.0 2174.0 1848.0 2494.0 2726.0 2662.0 2928.0 774.0 856.0 828.0 950.0 1064.0 1778.0 1670.0 1328.0 1026.0 1310.0 1246.0 1064.0 970.0 1004.0 898.0 1004.0 924.0 934.0 788.0 718.0 478.0 290.0 -89.0 -1403.0 -4053.0 -4409.0 -4611.0 -4547.0 -4681.0 -4727.0 -4559.0 -2783.0 -4161.0 -3825.0 -3609.0 -3461.0 -3709.0 -4047.0 -3899.0 -3965.0 -4225.0 -4585.0
548.0 504.0 452.0 402.0 388.0 382.0 354.0 384.0 392.0 334.0 288.0 290.0 350.0 400.0 432.0 784.0 1386.0 1524.0 1830.0 1360.0 1788.0 2334.0 1752.0 2478.0 2506.0 2690.0 1330.0 838.0 1446.0 1970.0 2848.0 1322.0 1720.0 1766.0 1394.0 1230.0 998.0 978.0 970.0 744.0 652.0 654.0 754.0 764.0 972.0 658.0 518.0 290.0 -51.0 -811.0 -2969.0 -4401.0 -4649.0 -4763.0 -4751.0 -4727.0 -4779.0 -4679.0 -4083.0 -4225.0 -3945.0 -3013.0 -3407.0 -3381.0 -3041.0 -3911.0 -3711.0 -3757.0 -3907.0
540.0 488.0 428.0 406.0 392.0 386.0 376.0 390.0 388.0 390.0 388.0 322.0 284.0 328.0 440.0 610.0 2062.0 1334.0 1772.0 2008.0 1548.0 1744.0 2904.0 2114.0 2076.0 2222.0 1300.0 1792.0 1666.0 1458.0 1478.0 1296.0 1476.0 1330.0 1306.0 1232.0 1074.0 884.0 806.0 876.0 738.0 598.0 522.0 478.0 430.0 714.0 448.0 216.0 -1455.0 -3071.0 -4421.0 -4831.0 -4977.0 -4987.0 -4767.0 -4939.0 -4981.0 -4771.0 -3955.0 -4005.0 -4137.0 -4107.0 -3555.0 -3267.0 -2783.0 -3401.0 -3341.0 -4039.0 -3677.0
548.0 476.0 460.0 416.0 406.0 386.0 382.0 386.0 396.0 406.0 406.0 352.0 298.0 284.0 386.0 526.0 606.0 1570.0 1832.0 2234.0 1426.0 2840.0 1722.0 3254.0 1712.0 1794.0 2742.0 1256.0 1182.0 1532.0 1240.0 1050.0 942.0 1046.0 1138.0 1080.0 950.0 822.0 812.0 688.0 682.0 764.0 830.0 658.0 578.0 436.0 332.0 -73.0 -1895.0 -3791.0 -4657.0 -5045.0 -5085.0 -4505.0 -5101.0 -5087.0 -3795.0 -4897.0 -4115.0 -4203.0 -4425.0 -3667.0 -3789.0 -2945.0 -2907.0 -3565.0 -2707.0 -3207.0 -3585.0
608.0 512.0 448.0 452.0 494.0 396.0 386.0 388.0 408.0 402.0 402.0 362.0 294.0 292.0 304.0 444.0 580.0 1702.0 2096.0 2122.0 2016.0 1586.0 2240.0 2004.0 1900.0 2700.0 2232.0 1552.0 1192.0 1300.0 958.0 914.0 724.0 1074.0 850.0 946.0 844.0 712.0 628.0 642.0 590.0 912.0 582.0 610.0 550.0 378.0 90.0 -1199.0 -3023.0 -4531.0 -5045.0 -5119.0 -5027.0 -5099.0 -4971.0 -5023.0 -5119.0 -5105.0 -3205.0 -4499.0 -4597.0 -3971.0 -3537.0 -3565.0 -3057.0 -2347.0 -3549.0 -2923.0 -3803.0
570.0 556.0 496.0 466.0 412.0 402.0 396.0 404.0 400.0 404.0 408.0 362.0 310.0 300.0 420.0 468.0 544.0 1224.0 1738.0 1646.0 1370.0 1804.0 2122.0 1942.0 2280.0 2638.0 3050.0 2040.0 2138.0 1254.0 852.0 616.0 884.0 822.0 916.0 990.0 840.0 662.0 556.0 474.0 494.0 400.0 402.0 316.0 214.0 136.0 -205.0 -1973.0 -3719.0 -5027.0 -4997.0 -5189.0 -5091.0 -5101.0 -5103.0 -5061.0 -5027.0 -3095.0 -4145.0 -4783.0 -4217.0 -3953.0 -4129.0 -3773.0 -3649.0 -2943.0 -3127.0 -3753.0 -3335.0
584.0 544.0 538.0 506.0 434.0 456.0 414.0 418.0 420.0 410.0 420.0 414.0 408.0 412.0 410.0 624.0 588.0 1104.0 1808.0 1108.0 1238.0 686.0 1846.0 1806.0 2576.0 2846.0 3200.0 1120.0 1332.0 1082.0 702.0 768.0 606.0 554.0 620.0 574.0 552.0 560.0 494.0 410.0 380.0 318.0 268.0 208.0 152.0 -13.0 -715.0 -2271.0 -3791.0 -5019.0 -5065.0 -5083.0 -5111.0 -5129.0 -5219.0 -5105.0 -4835.0 -5065.0 -4855.0 -4465.0 -4211.0 -4105.0 -3989.0 -3629.0 -3249.0 -3411.0 -3097.0 -2929.0 -3131.0
698.0 610.0 604.0 612.0 494.0 496.0 468.0 482.0 424.0 424.0 426.0 428.0 422.0 414.0 418.0 666.0 808.0 1546.0 1184.0 1404.0 2126.0 1194.0 1280.0 1996.0 2438.0 2174.0 1212.0 978.0 1098.0 844.0 960.0 546.0 340.0 334.0 402.0 504.0 440.0 462.0 420.0 332.0 312.0 298.0 166.0 154.0 136.0 -223.0 -2283.0 -2703.0 -4353.0 -5171.0 -5123.0 -5081.0 -5101.0 -5111.0 -5143.0 -4185.0 -5101.0 -4933.0 -5147.0 -4735.0 -4609.0 -3839.0 -4121.0 -4011.0 -3383.0 -3765.0 -3347.0 -2957.0 -3639.0
620.0 614.0 620.0 628.0 548.0 550.0 568.0 502.0 482.0 450.0 432.0 434.0 426.0 438.0 428.0 524.0 1262.0 1252.0 616.0 810.0 2484.0 1188.0 1754.0 2012.0 1832.0 1654.0 1492.0 1222.0 912.0 514.0 432.0 732.0 476.0 374.0 252.0 414.0 326.0 394.0 330.0 250.0 212.0 184.0 136.0 150.0 196.0 -1207.0 -3255.0 -4517.0 -4491.0 -5007.0 -5093.0 -5107.0 -5113.0 -5071.0 -5141.0 -3925.0 -5075.0 -4975.0 -5009.0 -4639.0 -3635.0 -4511.0 -3973.0 -4051.0 -3827.0 -3433.0 -3359.0 -2991.0 -2803.0
632.0 652.0 626.0 638.0 652.0 616.0 610.0 584.0 560.0 496.0 454.0 476.0 508.0 482.0 582.0 448.0 836.0 626.0 594.0 470.0 1282.0 1240.0 1076.0 1704.0 1260.0 1174.0 1598.0 1080.0 1338.0 438.0 356.0 352.0 602.0 592.0 382.0 278.0 220.0 302.0 324.0 196.0 144.0 134.0 134.0 262.0 -389.0 -2795.0 -3487.0 -4561.0 -4889.0 -4993.0 -5123.0 -5093.0 -5095.0 -5129.0 -4261.0 -5225.0 -4903.0 -4995.0 -4813.0 -4831.0 -4879.0 -4457.0 -4331.0 -4307.0 -4323.0 -3803.0 -3603.0 -3191.0 -3067.0
660.0 686.0 738.0 610.0 652.0 736.0 786.0 784.0 770.0 678.0 568.0 690.0 1244.0 592.0 652.0 560.0 444.0 1238.0 538.0 526.0 580.0 1102.0 1160.0 1682.0 1432.0 902.0 788.0 864.0 920.0 704.0 308.0 260.0 392.0 380.0 548.0 544.0 362.0 206.0 360.0 166.0 152.0 136.0 170.0 -71.0 -1379.0 -2953.0 -3521.0 -3943.0 -4785.0 -4931.0 -5107.0 -5113.0 -5071.0 -3585.0 -5013.0 -5047.0 -5075.0 -5055.0 -4695.0 -4455.0 -4687.0 -4377.0 -4335.0 -4461.0 -4049.0 -3703.0 -4129.0 -3767.0 -3611.0
640.0 668.0 682.0 706.0 690.0 786.0 812.0 810.0 786.0 774.0 622.0 1308.0 1468.0 750.0 1314.0 656.0 492.0 568.0 898.0 400.0 628.0 772.0 1142.0 1610.0 1288.0 1202.0 1088.0 1110.0 610.0 590.0 340.0 278.0 314.0 364.0 534.0 496.0 380.0 176.0 354.0 170.0 128.0 144.0 152.0 -397.0 -1565.0 -2607.0 -3327.0 -3679.0 -4953.0 -4981.0 -5107.0 -5109.0 -4659.0 -5185.0 -5243.0 -5111.0 -4991.0 -4903.0 -4903.0 -4557.0 -4331.0 -4719.0 -4679.0 -4495.0 -4635.0 -4463.0 -4063.0 -3893.0 -3307.0
608.0 636.0 658.0 666.0 682.0 740.0 768.0 904.0 1022.0 908.0 790.0 958.0 1226.0 956.0 1214.0 1446.0 604.0 578.0 490.0 356.0 606.0 500.0 814.0 768.0 1224.0 1072.0 904.0 740.0 622.0 422.0 312.0 218.0 294.0 382.0 570.0 542.0 342.0 242.0 174.0 178.0 180.0 126.0 -865.0 -2819.0 -2829.0 -2887.0 -3475.0 -4411.0 -4963.0 -5081.0 -5109.0 -5163.0 -4921.0 -5213.0 -4927.0 -5067.0 -5043.0 -4939.0 -4907.0 -4841.0 -4691.0 -4799.0 -4711.0 -4713.0 -4495.0 -4259.0 -4549.0 -4029.0 -3991.0
636.0 680.0 732.0 878.0 914.0 856.0 848.0 976.0 1210.0 764.0 784.0 870.0 922.0 1018.0 1144.0 1410.0 830.0 590.0 482.0 356.0 534.0 350.0 894.0 634.0 596.0 936.0 756.0 606.0 540.0 434.0 500.0 238.0 276.0 426.0 506.0 434.0 266.0 124.0 142.0 182.0 104.0 -1251.0 -2945.0 -3305.0 -3617.0 -3983.0 -4313.0 -4865.0 -4681.0 -5135.0 -5113.0 -5001.0 -5125.0 -5167.0 -4873.0 -5039.0 -5041.0 -5001.0 -4955.0 -4945.0 -4541.0 -4637.0 -4609.0 -4757.0 -4083.0 -3843.0 -4623.0 -4013.0 -3935.0
660.0 664.0 762.0 846.0 838.0 904.0 1070.0 1206.0 1368.0 748.0 950.0 1098.0 1012.0 1062.0 1426.0 1210.0 1404.0 666.0 564.0 400.0 422.0 424.0 402.0 534.0 520.0 456.0 550.0 494.0 410.0 304.0 520.0 330.0 350.0 432.0 260.0 172.0 104.0 102.0 178.0 90.0 -1413.0 -2667.0 -3357.0 -3877.0 -3785.0 -4263.0 -4523.0 -4387.0 -4595.0 -5105.0 -4999.0 -5151.0 -5123.0 -5123.0 -4987.0 -5037.0 -5011.0 -5019.0 -5087.0 -5005.0 -4907.0 -3779.0 -4555.0 -4577.0 -4355.0 -4247.0 -3371.0 -4521.0 -4311.0
612.0 618.0 680.0 844.0 914.0 914.0 916.0 1426.0 1784.0 906.0 756.0 1044.0 1078.0 1080.0 1096.0 1156.0 1356.0 808.0 708.0 610.0 1372.0 586.0 794.0 474.0 368.0 368.0 352.0 486.0 316.0 274.0 240.0 104.0 290.0 212.0 166.0 94.0 82.0 84.0 -27.0 -1799.0 -2959.0 -3237.0 -3859.0 -4141.0 -4257.0 -4481.0 -4735.0 -4801.0 -5117.0 -5179.0 -5137.0 -5107.0 -5127.0 -5115.0 -5067.0 -5119.0 -5037.0 -5073.0 -4981.0 -4855.0 -4287.0 -4737.0 -4161.0 -4691.0 -4381.0 -4505.0 -4549.0 -4427.0 -4469.0
442.0 612.0 612.0 854.0 886.0 922.0 926.0 1418.0 618.0 618.0 1146.0 1094.0 1028.0 1054.0 1058.0 1074.0 1606.0 1312.0 982.0 644.0 1250.0 1740.0 528.0 364.0 302.0 288.0 270.0 250.0 210.0 176.0 262.0 106.0 144.0 122.0 72.0 64.0 76.0 -553.0 -2087.0 -2885.0 -3515.0 -3817.0 -4429.0 -4439.0 -4575.0 -4667.0 -4761.0 -4915.0 -5097.0 -5167.0 -5113.0 -5117.0 -5159.0 -5123.0 -5173.0 -5075.0 -5041.0 -4981.0 -4893.0 -4753.0 -4611.0 -4589.0 -4635.0 -4459.0 -4483.0 -4703.0 -4447.0 -4411.0 -4559.0
544.0 610.0 610.0 632.0 798.0 916.0 808.0 1534.0 804.0 1146.0 1012.0 1094.0 1056.0 1028.0 1108.0 1180.0 1984.0 2484.0 944.0 732.0 1684.0 1966.0 660.0 420.0 282.0 224.0 238.0 184.0 138.0 158.0 132.0 80.0 58.0 42.0 48.0 -111.0 -1247.0 -2471.0 -2975.0 -3357.0 -3689.0 -4085.0 -4403.0 -4555.0 -4713.0 -4737.0 -4829.0 -5083.0 -5113.0 -5109.0 -5135.0 -5093.0 -5113.0 -5111.0 -5111.0 -4975.0 -4905.0 -4797.0 -4655.0 -4581.0 -4179.0 -4579.0 -4331.0 -4527.0 -4385.0 -4507.0 -4559.0 -4559.0 -4623.0
612.0 614.0 628.0 754.0 894.0 946.0 650.0 1484.0 1280.0 1188.0 1144.0 1124.0 1062.0 1092.0 1120.0 1386.0 1670.0 2040.0 1402.0 1162.0 1734.0 1008.0 1002.0 572.0 350.0 238.0 232.0 148.0 104.0 54.0 34.0 16.0 32.0 28.0 -317.0 -1817.0 -2601.0 -3331.0 -3463.0 -3653.0 -3913.0 -4205.0 -4483.0 -4649.0 -4743.0 -4805.0 -4959.0 -5089.0 -5089.0 -5093.0 -5105.0 -5113.0 -5005.0 -5061.0 -4995.0 -5045.0 -4669.0 -4745.0 -4669.0 -2943.0 -4595.0 -4703.0 -4745.0 -4697.0 -4627.0 -4613.0 -4777.0 -4079.0 -4137.0
628.0 792.0 844.0 804.0 924.0 1246.0 1564.0 924.0 1356.0 1218.0 1160.0 1216.0 1226.0 1262.0 1136.0 1220.0 1460.0 2074.0 1836.0 2266.0 1832.0 1950.0 1292.0 604.0 468.0 304.0 170.0 134.0 96.0 70.0 38.0 20.0 16.0 -267.0 -1671.0 -2301.0 -3227.0 -3511.0 -3833.0 -3917.0 -4157.0 -4373.0 -4601.0 -4697.0 -4749.0 -4833.0 -4977.0 -5075.0 -5103.0 -5101.0 -5111.0 -5097.0 -5045.0 -5071.0 -4957.0 -4851.0 -4887.0 -4159.0 -2991.0 -4571.0 -4711.0 -4665.0 -4795.0 -4731.0 -4669.0 -4699.0 -4579.0 -4369.0 -4303.0
570.0 912.0 918.0 1086.0 1394.0 2444.0 742.0 1662.0 1300.0 1416.0 1220.0 1134.0 1134.0 1134.0 1134.0 1134.0 1134.0 1752.0 2448.0 2466.0 2430.0 3202.0 1162.0 588.0 396.0 224.0 236.0 164.0 132.0 84.0 30.0 28.0 -95.0 -1809.0 -2943.0 -3195.0 -3493.0 -3833.0 -4027.0 -4199.0 -4361.0 -4547.0 -4683.0 -4769.0 -4791.0 -4805.0 -4983.0 -5071.0 -5079.0 -5103.0 -5043.0 -5083.0 -5099.0 -4971.0 -4891.0 -4819.0 -4809.0 -4365.0 -2677.0 -4685.0 -4691.0 -4745.0 -4655.0 -4653.0 -4579.0 -4699.0 -4715.0 -4557.0 -4695.0
934.0 894.0 882.0 966.0 1828.0 1186.0 1230.0 1644.0 1302.0 1494.0 1134.0 1134.0 1134.0 1134.0 1134.0 1490.0 1834.0 1942.0 2442.0 2084.0 2536.0 1158.0 958.0 760.0 494.0 298.0 184.0 132.0 106.0 64.0 6.0 4.0 -1475.0 -2729.0 -3047.0 -3519.0 -3665.0 -3953.0 -4187.0 -4455.0 -4523.0 -4677.0 -4775.0 -4815.0 -4835.0 -4947.0 -5081.0 -5057.0 -5079.0 -5071.0 -5107.0 -5103.0 -4957.0 -4773.0 -4749.0 -4843.0 -4801.0 -4897.0 -4587.0 -4905.0 -4555.0 -4637.0 -4585.0 -4611.0 -4687.0 -4597.0 -4637.0 -4415.0 -4589.0
724.0 648.0 616.0 1220.0 1284.0 1494.0 1878.0 1486.0 1490.0 1154.0 1220.0 1134.0 1134.0 1134.0 1134.0 1252.0 1576.0 1830.0 1862.0 1444.0 1808.0 1530.0 1210.0 638.0 410.0 280.0 124.0 88.0 76.0 34.0 18.0 -1281.0 -2451.0 -2989.0 -3283.0 -3503.0 -3743.0 -4129.0 -4351.0 -4559.0 -4617.0 -4757.0 -4791.0 -4845.0 -4865.0 -4869.0 -4857.0 -5049.0 -5049.0 -5113.0 -5095.0 -5115.0 -5015.0 -4587.0 -4703.0 -4681.0 -4657.0 -4603.0 -4617.0 -4565.0 -4571.0 -4451.0 -4521.0 -4547.0 -4617.0 -4605.0 -4489.0 -4615.0 -4487.0
934.0 1012.0 1248.0 1212.0 1930.0 1460.0 1416.0 1526.0 1286.0 1224.0 1134.0 1134.0 1134.0 1134.0 1222.0 1460.0 1534.0 1892.0 2088.0 770.0 1782.0 1776.0 960.0 672.0 384.0 218.0 108.0 86.0 24.0 62.0 -947.0 -2323.0 -2955.0 -3239.0 -3517.0 -3701.0 -4017.0 -4251.0 -4425.0 -4601.0 -4725.0 -4753.0 -4807.0 -4853.0 -4897.0 -4991.0 -5055.0 -5077.0 -5091.0 -5101.0 -5097.0 -4939.0 -4965.0 -4907.0 -4579.0 -4557.0 -4541.0 -4493.0 -4521.0 -4563.0 -4435.0 -4443.0 -4489.0 -4441.0 -4449.0 -4271.0 -4335.0 -4499.0 -4635.0
694.0 604.0 996.0 1130.0 2508.0 1932.0 1662.0 1344.0 1630.0 1236.0 1134.0 1134.0 1134.0 1134.0 1134.0 1270.0 1356.0 1796.0 1238.0 822.0 1520.0 1184.0 1054.0 926.0 338.0 214.0 130.0 50.0 2.0 -273.0 -2205.0 -2881.0 -3157.0 -3457.0 -3641.0 -3853.0 -4071.0 -4257.0 -4467.0 -4661.0 -4731.0 -4811.0 -4855.0 -4887.0 -4929.0 -5025.0 -5037.0 -5047.0 -5027.0 -5077.0 -5099.0 -4961.0 -5049.0 -4991.0 -4511.0 -4487.0 -4315.0 -4209.0 -4389.0 -4475.0 -4421.0 -4395.0 -4373.0 -4491.0 -4365.0 -4403.0 -4537.0 -4111.0 -4629.0
914.0 606.0 934.0 1558.0 2026.0 1640.0 1636.0 1624.0 1536.0 1544.0 1146.0 1242.0 1224.0 1210.0 1264.0 1382.0 1602.0 1648.0 1428.0 1150.0 1280.0 1250.0 1072.0 712.0 398.0 270.0 68.0 -7.0 -123.0 -1537.0 -2729.0 -3095.0 -3341.0 -3525.0 -3687.0 -3903.0 -4139.0 -4325.0 -4557.0 -4707.0 -4797.0 -4827.0 -4857.0 -4961.0 -4997.0 -5015.0 -5043.0 -4903.0 -5099.0 -5051.0 -5007.0 -4793.0 -4917.0 -4175.0 -3023.0 -4143.0 -4097.0 -3669.0 -3885.0 -4393.0 -4373.0 -4347.0 -4317.0 -4297.0 -4123.0 -4265.0 -4353.0 -4267.0 -4447.0
